[7l----system---- ------memory-usage----- -net/total- ----total-cpu-usage---- ---load-avg---
     time     | used  buff  cach  free| recv  send|usr sys idl wai hiq siq| 1m   5m  15m 
02-09 15:33:29|2123M    0     0   992M|   0     0 |0.2 0.0 100 0.0   0   0|0.08 0.22 0.18
02-09 15:33:30|2123M    0     0   992M| 220B  136B|0.2 0.2 100   0   0   0|0.08 0.22 0.18
02-09 15:33:31|2123M    0     0   992M| 272B  412B|  0   0 100   0   0   0|0.08 0.22 0.18
02-09 15:33:32|2123M    0     0   992M| 136B  100B|  0 0.2 100   0   0   0|0.08 0.22 0.17
02-09 15:33:33|2123M    0     0   992M|   0     0 |  0 0.4 100   0   0   0|0.08 0.22 0.17
02-09 15:33:34|2166M    0     0   948M| 136B 84.0B|9.8 0.7  89   0   0   0|0.08 0.22 0.17
02-09 15:33:35|2219M    0     0   896M| 676B  608B| 16 0.7  83   0   0   0|0.08 0.22 0.17
02-09 15:33:36|2205M    0     0   910M|1432B 1311B| 15 1.2  84   0   0   0|0.08 0.22 0.17
02-09 15:33:37|2249M    0     0   866M|   0     0 | 15 1.3  83   0   0   0|0.23 0.24 0.18
02-09 15:33:38|2239M    0     0   876M|35.4k 35.3k| 15 1.5  83   0   0   0|0.23 0.24 0.18
02-09 15:33:39|2253M    0     0   862M| 104B  983B| 16 0.5  83   0   0   0|0.23 0.24 0.18
02-09 15:33:40|2253M    0     0   862M|   0     0 | 17 0.2  83   0   0   0|0.23 0.24 0.18
02-09 15:33:41|2253M    0     0   862M|   0     0 | 17 0.2  83   0   0   0|0.23 0.24 0.18
02-09 15:33:42|2253M    0     0   861M| 772B 1036B| 17 1.1  82   0   0   0|0.29 0.26 0.19
02-09 15:33:43|2253M    0     0   861M|   0     0 | 17   0  83   0   0   0|0.29 0.26 0.19
02-09 15:33:44|2253M    0     0   861M|   0     0 | 17 0.2  83   0   0   0|0.29 0.26 0.19
02-09 15:33:45|2209M    0     0   906M|51.8k 51.7k| 16 1.2  83   0   0   0|0.29 0.26 0.19
02-09 15:33:46|2250M    0     0   865M|   0     0 | 16 1.0  83   0   0   0|0.29 0.26 0.19
02-09 15:33:47|2253M    0     0   862M|   0     0 | 17 0.5  83   0   0   0|0.35 0.27 0.19
02-09 15:33:48|2253M    0     0   862M|   0     0 | 17 0.2  83   0   0   0|0.35 0.27 0.19
02-09 15:33:49|2253M    0     0   862M| 156B 2431B| 17 0.2  83   0   0   0|0.35 0.27 0.19
02-09 15:33:50|2253M    0     0   862M|84.0B 84.0B| 17 0.5  82   0   0   0|0.35 0.27 0.19
02-09 15:33:51|2253M    0     0   862M|   0     0 | 17 0.2  83   0   0   0|0.35 0.27 0.19
02-09 15:33:52|2253M    0     0   862M|   0     0 | 17   0  83   0   0   0|0.40 0.28 0.20
02-09 15:33:53|2205M    0     0   909M|38.6k 38.6k| 16 1.2  83   0   0   0|0.40 0.28 0.20
02-09 15:33:54|2249M    0     0   865M|   0     0 | 16 1.2  83   0   0   0|0.40 0.28 0.20
02-09 15:33:55|2253M    0     0   862M|   0     0 | 16 0.3  83   0   0   0|0.40 0.28 0.20
02-09 15:33:56|2254M    0     0   861M|   0     0 | 16 0.7  83   0   0   0|0.40 0.28 0.20
02-09 15:33:57|2254M    0     0   861M|   0     0 | 17 0.3  83   0   0   0|0.45 0.29 0.20
02-09 15:33:58|2232M    0     0   882M|52.8k 52.8k| 15 1.7  83   0   0   0|0.45 0.29 0.20
02-09 15:33:59|2254M    0     0   861M| 260B 4809B| 17 1.0  82   0   0   0|0.45 0.29 0.20
02-09 15:34:00|2254M    0     0   861M|52.0B  100B| 17   0  83   0   0   0|0.45 0.29 0.20
02-09 15:34:01|2256M    0     0   859M|   0     0 | 17 0.2  83   0   0   0|0.45 0.29 0.20
02-09 15:34:02|2256M    0     0   859M|   0     0 | 17 0.7  82   0   0   0|0.49 0.30 0.20
02-09 15:34:03|2256M    0     0   859M|   0     0 | 17   0  83   0   0   0|0.49 0.30 0.20
02-09 15:34:04|2192M    0     0   923M|43.3k 43.2k| 16 1.3  83   0   0   0|0.49 0.30 0.20
02-09 15:34:05|2243M    0     0   872M|   0     0 | 16 0.8  83   0   0   0|0.49 0.30 0.20
02-09 15:34:06|2253M    0     0   862M|   0     0 | 17 0.3  83   0   0   0|0.49 0.30 0.20
02-09 15:34:07|2253M    0     0   862M|   0     0 | 17 0.3  83   0   0   0|0.53 0.32 0.21
02-09 15:34:08|2253M    0     0   862M|   0     0 | 17 0.3  83   0   0   0|0.53 0.32 0.21
02-09 15:34:09|2257M    0     0   858M| 156B 2921B| 16 0.2  84   0   0   0|0.53 0.32 0.21
02-09 15:34:10|2257M    0     0   858M|   0     0 | 17 0.3  83   0   0   0|0.53 0.32 0.21
02-09 15:34:11|2257M    0     0   858M|   0     0 | 17 0.2  83   0   0   0|0.53 0.32 0.21
02-09 15:34:12|2257M    0     0   858M|   0     0 | 17 0.2  83   0   0   0|0.57 0.33 0.21
02-09 15:34:13|2232M    0     0   882M|39.8k 39.7k| 17 1.0  82   0   0   0|0.57 0.33 0.21
02-09 15:34:14|2218M    0     0   896M|35.4k 35.3k| 15 1.0  84   0   0   0|0.57 0.33 0.21
02-09 15:34:15|2202M    0     0   913M|35.4k 35.3k| 16 0.8  83   0   0   0|0.57 0.33 0.21
02-09 15:34:16|2249M    0     0   866M|   0     0 | 16 1.0  83   0   0   0|0.57 0.33 0.21
02-09 15:34:17|2258M    0     0   857M|   0     0 | 10 0.9  89   0   0   0|0.60 0.34 0.22
02-09 15:34:18|2258M    0     0   857M|   0     0 | 16 0.2  83   0   0   0|0.60 0.34 0.22
02-09 15:34:19|2258M    0     0   857M| 156B 3020B| 17 0.2  83   0   0   0|0.60 0.34 0.22
02-09 15:34:20|2258M    0     0   857M|   0     0 | 17 0.3  82   0   0   0|0.60 0.34 0.22
02-09 15:34:21|2259M    0     0   855M|   0     0 | 17 0.3  83   0   0   0|0.60 0.34 0.22
02-09 15:34:22|2259M    0     0   855M|   0     0 | 17 0.3  83   0   0   0|0.63 0.35 0.22
02-09 15:34:23|2259M    0     0   855M|   0     0 | 17 0.2  83   0   0   0|0.63 0.35 0.22
02-09 15:34:24|2259M    0     0   855M|   0     0 | 17   0  83   0   0   0|0.63 0.35 0.22
02-09 15:34:25|2259M    0     0   855M|   0     0 | 17 0.2  82   0   0   0|0.63 0.35 0.22
02-09 15:34:26|2259M    0     0   855M|   0     0 | 17 0.7  83   0   0   0|0.63 0.35 0.22
02-09 15:34:27|2259M    0     0   855M|   0     0 | 17   0  83   0   0   0|0.66 0.36 0.22
02-09 15:34:28|2259M    0     0   855M|   0     0 | 17 0.2  83   0   0   0|0.66 0.36 0.22
02-09 15:34:29|2259M    0     0   855M| 104B 1090B| 17 0.2  83   0   0   0|0.66 0.36 0.22
02-09 15:34:30|2259M    0     0   855M|   0     0 | 17   0  83   0   0   0|0.66 0.36 0.22
02-09 15:34:31|2259M    0     0   855M|   0     0 | 17 0.7  83   0   0   0|0.66 0.36 0.22
02-09 15:34:32|2259M    0     0   855M|   0     0 | 18 0.5  82   0   0   0|0.69 0.37 0.23
02-09 15:34:33|2259M    0     0   855M|   0     0 | 17 0.5  83   0   0   0|0.69 0.37 0.23
02-09 15:34:34|2238M    0     0   877M|37.1k 37.0k| 15 1.3  83   0   0   0|0.69 0.37 0.23
02-09 15:34:35|2232M    0     0   882M|35.1k 35.0k| 16 1.3  83   0   0   0|0.69 0.37 0.23
02-09 15:34:36|2254M    0     0   860M|   0     0 | 17 0.8  82   0   0   0|0.69 0.37 0.23
02-09 15:34:37|2254M    0     0   860M|   0     0 | 17 0.2  83   0   0   0|0.71 0.38 0.23
02-09 15:34:38|2259M    0     0   856M|   0     0 | 17 0.3  82   0   0   0|0.71 0.38 0.23
02-09 15:34:39|2259M    0     0   856M| 260B 4810B| 17   0  83   0   0   0|0.71 0.38 0.23
02-09 15:34:40|2259M    0     0   856M|   0     0 | 17 0.3  83   0   0   0|0.71 0.38 0.23
02-09 15:34:41|2213M    0     0   902M|44.4k 44.3k| 15 1.7  83   0   0   0|0.71 0.38 0.23
02-09 15:34:42|2252M    0     0   863M| 772B 1036B| 16 1.0  83   0   0   0|0.74 0.39 0.23
02-09 15:34:43|2253M    0     0   861M| 788B 1020B| 17 0.3  82   0   0   0|0.74 0.39 0.23
02-09 15:34:44|2253M    0     0   861M|   0     0 | 17 0.3  83   0   0   0|0.74 0.39 0.23
02-09 15:34:45|2257M    0     0   857M|   0     0 | 17 0.7  83   0   0   0|0.74 0.39 0.23
02-09 15:34:46|2257M    0     0   857M|   0     0 | 16 0.3  83   0   0   0|0.74 0.39 0.23
02-09 15:34:47|2257M    0     0   857M|   0     0 | 17 0.2  83   0   0   0|0.76 0.40 0.24
02-09 15:34:48|2229M    0     0   885M|39.9k 39.7k| 15 1.7  83   0   0   0|0.76 0.40 0.24
02-09 15:34:49|2206M    0     0   908M|45.3k 49.5k| 15 2.2  83   0   0   0|0.76 0.40 0.24
02-09 15:34:50|2249M    0     0   865M|   0     0 | 15 1.3  83   0   0   0|0.76 0.40 0.24
02-09 15:34:51|2238M    0     0   877M|40.4k 40.2k| 15 1.5  83   0   0   0|0.76 0.40 0.24
02-09 15:34:52|2253M    0     0   861M|   0     0 | 17 0.8  82   0   0   0|0.78 0.41 0.24
02-09 15:34:53|2253M    0     0   861M|   0     0 | 17 0.2  83   0   0   0|0.78 0.41 0.24
02-09 15:34:54|2253M    0     0   861M|   0     0 | 17 0.7  83   0   0   0|0.78 0.41 0.24
02-09 15:34:55|2264M    0     0   851M|   0     0 | 16 0.5  83   0   0   0|0.78 0.41 0.24
02-09 15:34:56|2264M    0     0   851M|   0     0 | 18 0.2  82   0   0   0|0.78 0.41 0.24
02-09 15:34:57|2264M    0     0   851M|   0     0 | 17 0.5  83   0   0   0|0.79 0.42 0.25
02-09 15:34:58|2264M    0     0   851M|   0     0 | 17 0.2  83   0   0   0|0.79 0.42 0.25
02-09 15:34:59|2264M    0     0   850M| 156B 2431B| 17 0.5  83   0   0   0|0.79 0.42 0.25
02-09 15:35:00|2237M    0     0   877M|54.1k 54.0k| 15 1.7  83   0   0   0|0.79 0.42 0.25
02-09 15:35:01|2226M    0     0   889M|45.0k 44.8k| 15 2.0  83   0   0   0|0.79 0.42 0.25
02-09 15:35:02|2208M    0     0   906M|37.6k 37.5k| 16 0.8  83   0   0   0|0.81 0.43 0.25
02-09 15:35:03|2249M    0     0   865M|   0     0 | 15 1.0  84   0   0   0|0.81 0.43 0.25
02-09 15:35:04|2253M    0     0   861M|   0     0 | 17 0.2  83   0   0   0|0.81 0.43 0.25
02-09 15:35:05|2253M    0     0   861M|   0     0 | 17   0  83   0   0   0|0.81 0.43 0.25
02-09 15:35:06|2253M    0     0   861M|   0     0 | 16 0.5  83   0   0   0|0.81 0.43 0.25
02-09 15:35:07|2256M    0     0   858M|   0     0 | 17 0.7  82   0   0   0|0.83 0.44 0.25
02-09 15:35:08|2256M    0     0   858M|   0     0 | 17 0.3  83   0   0   0|0.83 0.44 0.25
02-09 15:35:09|2236M    0     0   878M|38.4k 42.2k| 17 1.5  82   0   0   0|0.83 0.44 0.25
02-09 15:35:10|2253M    0     0   861M|   0     0 | 17 0.8  83   0   0   0|0.83 0.44 0.25
02-09 15:35:11|2255M    0     0   859M|   0     0 | 17 0.2  83   0   0   0|0.83 0.44 0.25
02-09 15:35:12|2256M    0     0   859M|   0     0 | 17 0.8  82   0   0   0|0.84 0.45 0.26
02-09 15:35:13|2256M    0     0   859M|   0     0 | 17 0.5  83   0   0   0|0.84 0.45 0.26
02-09 15:35:14|2211M    0     0   904M|40.9k 40.8k| 17 1.1  82   0   0   0|0.84 0.45 0.26
02-09 15:35:15|2195M    0     0   920M|35.4k 35.3k| 15 1.3  83   0   0   0|0.84 0.45 0.26
02-09 15:35:16|2245M    0     0   869M|   0     0 | 16 1.3  83   0   0   0|0.84 0.45 0.26
02-09 15:35:17|2236M    0     0   879M|41.5k 41.4k| 16 1.2  83   0   0   0|0.85 0.46 0.26
02-09 15:35:18|2229M    0     0   886M|35.4k 35.3k| 15 1.5  83   0   0   0|0.85 0.46 0.26
02-09 15:35:19|2214M    0     0   900M|35.6k 39.9k| 15 1.7  83   0   0   0|0.85 0.46 0.26
02-09 15:35:20|2198M    0     0   917M|38.8k 38.8k| 16 1.2  83   0   0   0|0.85 0.46 0.26
02-09 15:35:21|2246M    0     0   868M|   0     0 | 16 1.3  83   0   0   0|0.85 0.46 0.26
02-09 15:35:22|2253M    0     0   861M|   0     0 | 15 0.5  84   0   0   0|0.86 0.46 0.27
02-09 15:35:23|2253M    0     0   861M|   0     0 | 16 0.7  83   0   0   0|0.86 0.46 0.27
02-09 15:35:24|2253M    0     0   861M|   0     0 | 17 0.7  83   0   0   0|0.86 0.46 0.27
02-09 15:35:25|2255M    0     0   860M|   0     0 | 16 1.0  83   0   0   0|0.86 0.46 0.27
02-09 15:35:26|2255M    0     0   860M|   0     0 | 16 0.5  83   0   0   0|0.86 0.46 0.27
02-09 15:35:27|2255M    0     0   860M|   0     0 | 16 0.7  83   0   0   0|0.87 0.47 0.27
02-09 15:35:28|2213M    0     0   901M|36.0k 35.9k| 17 0.8  83   0   0   0|0.87 0.47 0.27
02-09 15:35:29|2254M    0     0   861M| 156B 3128B| 16 1.0  84   0   0   0|0.87 0.47 0.27
02-09 15:35:30|2254M    0     0   861M|   0     0 | 17 0.7  82   0   0   0|0.87 0.47 0.27
02-09 15:35:31|2254M    0     0   861M|   0     0 | 16 0.3  83   0   0   0|0.87 0.47 0.27
02-09 15:35:32|2254M    0     0   861M| 772B 1052B| 17 0.5  83   0   0   0|0.88 0.48 0.27
02-09 15:35:33|2255M    0     0   860M|   0     0 | 17 0.7  82   0   0   0|0.88 0.48 0.27
02-09 15:35:34|2255M    0     0   860M|   0     0 | 16 0.7  83   0   0   0|0.88 0.48 0.27
02-09 15:35:35|2255M    0     0   860M|   0     0 | 16 0.5  83   0   0   0|0.88 0.48 0.27
02-09 15:35:36|2255M    0     0   860M| 824B 1044B| 17 0.5  83   0   0   0|0.88 0.48 0.27
02-09 15:35:37|2201M    0     0   913M|55.1k 55.1k| 15 1.7  83   0   0   0|0.89 0.49 0.28
02-09 15:35:38|2249M    0     0   866M|   0     0 | 16 0.8  83   0   0   0|0.89 0.49 0.28
02-09 15:35:39|2238M    0     0   877M|35.3k 37.7k| 15 1.5  83   0   0   0|0.89 0.49 0.28
02-09 15:35:40|2231M    0     0   883M|38.9k 38.8k| 15 1.7  84   0   0   0|0.89 0.49 0.28
02-09 15:35:41|2216M    0     0   899M|38.8k 38.7k| 16 1.2  83   0   0   0|0.89 0.49 0.28
02-09 15:35:42|2199M    0     0   915M|39.6k 39.8k| 15 1.7  83   0   0   0|0.90 0.50 0.28
02-09 15:35:43|2248M    0     0   867M|   0     0 | 16 0.8  83   0   0   0|0.90 0.50 0.28
02-09 15:35:44|2254M    0     0   861M|   0     0 | 17 0.7  83   0   0   0|0.90 0.50 0.28
02-09 15:35:45|2254M    0     0   861M|   0     0 | 16 0.8  83   0   0   0|0.90 0.50 0.28
02-09 15:35:46|2254M    0     0   861M|   0     0 | 16 0.7  83   0   0   0|0.90 0.50 0.28
02-09 15:35:47|2254M    0     0   861M|   0     0 | 16 0.7  83   0   0   0|0.91 0.51 0.28
02-09 15:35:48|2254M    0     0   861M|   0     0 | 17 0.3  83   0   0   0|0.91 0.51 0.28
02-09 15:35:49|2254M    0     0   861M| 156B 2428B| 17 0.2  83   0   0   0|0.91 0.51 0.28
02-09 15:35:50|2254M    0     0   861M|   0     0 | 17 0.8  83   0   0   0|0.91 0.51 0.28
02-09 15:35:51|2254M    0     0   861M|   0     0 | 16 1.2  83   0   0   0|0.91 0.51 0.28
02-09 15:35:52|2254M    0     0   861M|   0     0 | 16 0.5  83   0   0   0|0.92 0.51 0.29
02-09 15:35:53|2254M    0     0   861M|   0     0 | 16 0.3  83   0   0   0|0.92 0.51 0.29
02-09 15:35:54|2254M    0     0   861M|   0     0 | 17 0.7  82   0   0   0|0.92 0.51 0.29
02-09 15:35:55|2237M    0     0   877M|39.4k 39.4k| 15 1.5  83   0   0   0|0.92 0.51 0.29
02-09 15:35:56|2229M    0     0   885M|36.6k 36.5k| 15 1.7  83   0   0   0|0.92 0.51 0.29
02-09 15:35:57|2208M    0     0   907M|41.5k 41.4k| 16 1.3  83   0   0   0|0.92 0.52 0.29
02-09 15:35:58|2250M    0     0   865M|   0     0 | 16 1.0   - 453   0   0|0.92 0.52 0.29
02-09 15:35:59|2254M    0     0   861M| 156B 3020B| 17 0.5 450   -   0   0|0.92 0.52 0.29
02-09 15:36:00|2255M    0     0   860M|52.0B  100B| 17 0.5  82   0   0   0|0.92 0.52 0.29
02-09 15:36:01|2203M    0     0   912M|35.8k 35.6k| 17 1.0  83   0   0   0|0.92 0.52 0.29
02-09 15:36:02|2249M    0     0   866M|   0     0 | 16 1.2  83   0   0   0|0.93 0.53 0.29
02-09 15:36:03|2237M    0     0   877M|41.5k 41.4k| 15 1.5  83   0   0   0|0.93 0.53 0.29
02-09 15:36:04|2230M    0     0   885M|40.0k 39.9k| 15 1.3  83   0   0   0|0.93 0.53 0.29
02-09 15:36:05|2255M    0     0   860M|   0     0 | 15 0.5  85   0   0   0|0.93 0.53 0.29
02-09 15:36:06|2255M    0     0   860M|   0     0 | 17 0.3  83   0   0   0|0.93 0.53 0.29
02-09 15:36:07|2259M    0     0   856M|   0     0 | 17 0.3  82   0   0   0|1.41 0.64 0.33
02-09 15:36:08|2259M    0     0   856M|   0     0 | 17 0.3  83   0   0   0|1.41 0.64 0.33
02-09 15:36:09|2259M    0     0   856M| 208B 4551B| 17 0.8  82   0   0   0|1.41 0.64 0.33
02-09 15:36:10|2259M    0     0   856M|   0     0 | 17 0.2  82   0   0   0|1.41 0.64 0.33
02-09 15:36:11|2259M    0     0   856M|   0     0 | 17 0.5  83   0   0   0|1.41 0.64 0.33
02-09 15:36:12|2259M    0     0   856M|   0     0 | 17 0.2  83   0   0   0|1.38 0.64 0.33
02-09 15:36:13|2259M    0     0   856M|   0     0 | 17 0.8  83   0   0   0|1.38 0.64 0.33
02-09 15:36:14|2259M    0     0   856M|   0     0 | 17 0.3  83   0   0   0|1.38 0.64 0.33
02-09 15:36:15|2259M    0     0   856M|   0     0 | 17 0.3  83   0   0   0|1.38 0.64 0.33
02-09 15:36:16|2239M    0     0   876M|37.0k 36.8k| 15 1.5  83   0   0   0|1.38 0.64 0.33
02-09 15:36:17|2254M    0     0   861M|   0     0 | 16 0.7  83   0   0   0|1.35 0.65 0.34
02-09 15:36:18|2254M    0     0   861M|   0     0 | 17 0.2  83   0   0   0|1.35 0.65 0.34
02-09 15:36:19|2258M    0     0   857M| 208B 4217B| 18 0.5  82   0   0   0|1.35 0.65 0.34
02-09 15:36:20|2258M    0     0   857M|   0     0 | 17 0.3  83   0   0   0|1.35 0.65 0.34
02-09 15:36:21|2258M    0     0   857M|   0     0 | 17 0.2  83   0   0   0|1.35 0.65 0.34
02-09 15:36:22|2210M    0     0   905M|38.1k 38.0k| 16 1.0  83   0   0   0|1.32 0.65 0.34
02-09 15:36:23|2252M    0     0   863M|   0     0 | 16 0.8  83   0   0   0|1.32 0.65 0.34
02-09 15:36:24|2255M    0     0   860M|   0     0 | 17 0.2  82   0   0   0|1.32 0.65 0.34
02-09 15:36:25|2255M    0     0   859M|   0     0 | 17 0.5  83   0   0   0|1.32 0.65 0.34
02-09 15:36:26|2199M    0     0   916M|45.7k 45.7k| 16 1.3  83   0   0   0|1.32 0.65 0.34
02-09 15:36:27|2247M    0     0   868M|   0     0 | 16 0.7  83   0   0   0|1.30 0.66 0.34
02-09 15:36:28|2235M    0     0   879M|46.2k 46.2k| 14 2.8  83   0   0   0|1.30 0.66 0.34
02-09 15:36:29|2225M    0     0   890M|36.6k 41.3k| 16 1.3  83   0   0   0|1.30 0.66 0.34
02-09 15:36:30|2204M    0     0   910M|40.4k 40.4k| 15 1.0  84   0   0   0|1.30 0.66 0.34
02-09 15:36:31|2250M    0     0   864M|   0     0 | 16 0.8  83   0   0   0|1.30 0.66 0.34
02-09 15:36:32|2254M    0     0   860M|   0     0 | 16 0.7  83   0   0   0|1.27 0.66 0.35
02-09 15:36:33|2255M    0     0   860M|   0     0 | 17 0.3  83   0   0   0|1.27 0.66 0.35
02-09 15:36:34|2255M    0     0   860M|   0     0 | 17 0.3  83   0   0   0|1.27 0.66 0.35
02-09 15:36:35|2255M    0     0   860M|   0     0 | 17 0.3  83   0   0   0|1.27 0.66 0.35
02-09 15:36:36|2255M    0     0   859M|   0     0 | 17 0.5  83   0   0   0|1.27 0.66 0.35
02-09 15:36:37|2237M    0     0   877M|56.6k 56.1k| 15 1.5  83   0   0   0|1.25 0.67 0.35
02-09 15:36:38|2228M    0     0   887M|41.6k 41.5k| 15 1.7  83   0   0   0|1.25 0.67 0.35
02-09 15:36:39|2209M    0     0   906M|36.5k 40.2k| 16 1.2  83   0   0   0|1.25 0.67 0.35
02-09 15:36:40|2250M    0     0   864M|   0     0 | 16 1.2  83   0   0   0|1.25 0.67 0.35
02-09 15:36:41|2240M    0     0   874M|40.0k 39.9k| 16 1.0  83   0   0   0|1.25 0.67 0.35
02-09 15:36:42|2254M    0     0   860M| 772B 1036B| 16 0.8  83   0   0   0|1.23 0.68 0.35
02-09 15:36:43|2254M    0     0   860M|   0     0 | 16 0.5  83   0   0   0|1.23 0.68 0.35
02-09 15:36:44|2254M    0     0   860M|   0     0 | 16 1.2  83   0   0   0|1.23 0.68 0.35
02-09 15:36:45|2254M    0     0   860M|   0     0 | 17 0.2  83   0   0   0|1.23 0.68 0.35
02-09 15:36:46|2254M    0     0   860M|   0     0 | 17 0.8  83   0   0   0|1.23 0.68 0.35
02-09 15:36:47|2254M    0     0   860M|   0     0 | 16 1.2  83   0   0   0|1.21 0.68 0.36
02-09 15:36:48|2254M    0     0   860M|   0     0 | 17 0.2  83   0   0   0|1.21 0.68 0.36
02-09 15:36:49|2254M    0     0   860M| 876B 2330B| 16 0.7  83   0   0   0|1.21 0.68 0.36
02-09 15:36:50|2236M    0     0   879M|37.3k 41.0k| 16 1.7  83   0   0   0|1.21 0.68 0.36
02-09 15:36:51|2224M    0     0   890M|40.4k 40.3k| 15 1.3  84   0   0   0|1.21 0.68 0.36
02-09 15:36:52|2254M    0     0   860M|   0     0 | 16 1.1  82   0   0   0|1.19 0.69 0.36
02-09 15:36:53|2254M    0     0   860M|   0     0 | 17 0.2  83   0   0   0|1.19 0.69 0.36
02-09 15:36:54|2254M    0     0   860M|   0     0 | 16 0.5  83   0   0   0|1.19 0.69 0.36
02-09 15:36:55|2254M    0     0   860M|   0     0 | 16 0.5  83   0   0   0|1.19 0.69 0.36
02-09 15:36:56|2254M    0     0   860M|   0     0 | 17 0.5  82   0   0   0|1.19 0.69 0.36
02-09 15:36:57|2255M    0     0   860M|   0     0 | 18 0.2  81   0   0   0|1.18 0.69 0.36
02-09 15:36:58|2255M    0     0   860M|   0     0 | 16 0.7  83   0   0   0|1.18 0.69 0.36
02-09 15:36:59|2255M    0     0   860M| 156B 2972B| 16 0.7  83   0   0   0|1.18 0.69 0.36
02-09 15:37:00|2255M    0     0   860M|52.0B  100B| 16 0.7  83   0   0   0|1.18 0.69 0.36
02-09 15:37:01|2255M    0     0   860M|   0     0 | 17 0.7  82   0   0   0|1.18 0.69 0.36
02-09 15:37:02|2254M    0     0   860M|38.7k 41.0k| 16 0.8  83   0   0   0|1.16 0.70 0.37
02-09 15:37:03|2240M    0     0   874M|3396B  926B| 15 1.5  83   0   0   0|1.16 0.70 0.37
02-09 15:37:04|2227M    0     0   887M|40.1k 40.0k| 14 1.7  84   0   0   0|1.16 0.70 0.37
02-09 15:37:05|2254M    0     0   860M|   0     0 | 16 1.0  83   0   0   0|1.16 0.70 0.37
02-09 15:37:06|2254M    0     0   860M|   0     0 | 16 0.7  83   0   0   0|1.16 0.70 0.37
02-09 15:37:07|2254M    0     0   860M|   0     0 | 16 0.7  83   0   0   0|1.15 0.70 0.37
02-09 15:37:08|2254M    0     0   860M|   0     0 | 16 0.5  83   0   0   0|1.15 0.70 0.37
02-09 15:37:09|2254M    0     0   860M| 156B 2479B| 16 1.2  83   0   0   0|1.15 0.70 0.37
02-09 15:37:10|2254M    0     0   860M|   0     0 | 17 0.5  82   0   0   0|1.15 0.70 0.37
02-09 15:37:11|2255M    0     0   859M|   0     0 | 17 0.2  83   0   0   0|1.15 0.70 0.37
02-09 15:37:12|2255M    0     0   859M|   0     0 | 17 0.5  83   0   0   0|1.14 0.70 0.37
02-09 15:37:13|2232M    0     0   882M|1399B 1317B| 16 0.8  83   0   0   0|1.14 0.70 0.37
02-09 15:37:14|2254M    0     0   860M|   0     0 | 14 0.7  85   0   0   0|1.14 0.70 0.37
02-09 15:37:15|2254M    0     0   860M|   0     0 | 17 0.3  83   0   0   0|1.14 0.70 0.37
02-09 15:37:16|2255M    0     0   860M|   0     0 | 17 0.3  83   0   0   0|1.14 0.70 0.37
02-09 15:37:17|2255M    0     0   860M|   0     0 | 17 0.3  83   0   0   0|1.13 0.71 0.38
02-09 15:37:18|2255M    0     0   860M|   0     0 | 18 0.5  82   0   0   0|1.13 0.71 0.38
02-09 15:37:19|2255M    0     0   860M| 208B 3539B| 17 0.3  83   0   0   0|1.13 0.71 0.38
02-09 15:37:20|2238M    0     0   876M|1416B 1334B| 17 1.2  82   0   0   0|1.13 0.71 0.38
02-09 15:37:21|2254M    0     0   860M|   0     0 | 16 0.8  83   0   0   0|1.13 0.71 0.38
02-09 15:37:22|2254M    0     0   860M|   0     0 | 17 0.3  83   0   0   0|1.12 0.71 0.38
02-09 15:37:23|2259M    0     0   856M|   0     0 | 16 0.5  83   0   0   0|1.12 0.71 0.38
02-09 15:37:24|2259M    0     0   856M|   0     0 | 17 0.3  83   0   0   0|1.12 0.71 0.38
02-09 15:37:25|2259M    0     0   855M|   0     0 | 17 0.7  82   0   0   0|1.12 0.71 0.38
02-09 15:37:26|2240M    0     0   874M|1398B 1316B| 16 1.2  83   0   0   0|1.12 0.71 0.38
02-09 15:37:27|2255M    0     0   860M|   0     0 | 17 0.7  83   0   0   0|1.19 0.74 0.39
02-09 15:37:28|2255M    0     0   860M| 824B 1092B| 17 0.3  82   0   0   0|1.19 0.74 0.39
02-09 15:37:29|2256M    0     0   858M|   0  3208B| 17 0.5  83   0   0   0|1.19 0.74 0.39
02-09 15:37:30|2256M    0     0   858M| 260B 1733B| 17 0.3  83   0   0   0|1.19 0.74 0.39
02-09 15:37:31|2256M    0     0   858M|   0     0 | 17 0.2  83   0   0   0|1.19 0.74 0.39
02-09 15:37:32|2217M    0     0   898M|1398B 1316B| 17 0.8  82   0   0   0|1.17 0.74 0.39
02-09 15:37:33|2255M    0     0   860M|   0     0 | 16 1.0  83   0   0   0|1.17 0.74 0.39
02-09 15:37:34|2255M    0     0   860M|   0     0 | 17 0.5  83   0   0   0|1.17 0.74 0.39
02-09 15:37:35|2255M    0     0   860M|   0     0 | 17   0  83   0   0   0|1.17 0.74 0.39
02-09 15:37:36|2255M    0     0   860M|   0     0 | 17 0.2  83   0   0   0|1.17 0.74 0.39
02-09 15:37:37|2255M    0     0   860M|   0     0 | 17 0.7  83   0   0   0|1.16 0.74 0.39
02-09 15:37:38|2255M    0     0   860M|   0     0 | 17 0.3  83   0   0   0|1.16 0.74 0.39
02-09 15:37:39|2255M    0     0   860M|   0     0 | 17 0.5  83   0   0   0|1.16 0.74 0.39
02-09 15:37:40|2240M    0     0   875M|1624B 4720B| 15 1.3  83   0   0   0|1.16 0.74 0.39
02-09 15:37:41|2254M    0     0   860M|   0     0 | 17 0.5  83   0   0   0|1.16 0.74 0.39
02-09 15:37:42|2254M    0     0   860M|   0     0 | 17 0.3  83   0   0   0|1.15 0.75 0.40
02-09 15:37:43|2266M    0     0   849M|   0     0 | 16 0.5  83   0   0   0|1.15 0.75 0.40
02-09 15:37:44|2266M    0     0   849M|   0     0 | 17 0.8  82   0   0   0|1.15 0.75 0.40
02-09 15:37:45|2267M    0     0   848M|   0     0 | 17 0.7  82   0   0   0|1.15 0.75 0.40
02-09 15:37:46|2235M    0     0   880M|1398B 1316B| 16 1.0  83   0   0   0|1.15 0.75 0.40
02-09 15:37:47|2255M    0     0   860M|   0     0 | 16 0.5  84   0   0   0|1.13 0.75 0.40
02-09 15:37:48|2255M    0     0   860M|   0     0 | 17 0.3  83   0   0   0|1.13 0.75 0.40
02-09 15:37:49|2255M    0     0   860M|   0     0 | 17 0.2  83   0   0   0|1.13 0.75 0.40
02-09 15:37:50|2255M    0     0   860M| 260B 4604B| 17 0.7  82   0   0   0|1.13 0.75 0.40
02-09 15:37:51|2255M    0     0   860M|   0     0 | 16 0.5  83   0   0   0|1.13 0.75 0.40
02-09 15:37:52|2255M    0     0   860M|   0     0 | 17 0.3  83   0   0   0|1.12 0.75 0.40
02-09 15:37:53|2242M    0     0   873M|1399B 1317B| 16 1.3  83   0   0   0|1.12 0.75 0.40
02-09 15:37:54|2255M    0     0   860M|   0     0 | 16 0.5  84   0   0   0|1.12 0.75 0.40
02-09 15:37:55|2255M    0     0   860M|   0     0 | 17 0.2  83   0   0   0|1.12 0.75 0.40
02-09 15:37:56|2278M    0     0   837M| 631B  713B| 21 0.6  78   0   0   0|1.12 0.75 0.40
02-09 15:37:57|2255M    0     0   860M| 141B  391B| 17 0.5  82   0   0   0|1.11 0.76 0.40
02-09 15:37:58|2256M    0     0   859M|   0     0 | 17 0.5  83   0   0   0|1.11 0.76 0.40
02-09 15:37:59|2256M    0     0   859M|   0     0 | 17 0.7  82   0   0   0|1.11 0.76 0.40
02-09 15:38:00|2256M    0     0   859M| 260B 2645B| 16 1.0  83   0   0   0|1.11 0.76 0.40
02-09 15:38:01|2256M    0     0   859M|   0     0 | 16 0.8  83   0   0   0|1.11 0.76 0.40
02-09 15:38:02|2256M    0     0   859M|   0     0 | 17 0.7  83   0   0   0|1.10 0.76 0.41
02-09 15:38:03|2256M    0     0   859M|   0     0 | 18 0.6  81   0   0   0|1.10 0.76 0.41
02-09 15:38:04|2256M    0     0   859M|   0     0 | 16 0.5  83   0   0   0|1.10 0.76 0.41
02-09 15:38:05|2256M    0     0   859M|   0     0 | 16 0.8  83   0   0   0|1.10 0.76 0.41
02-09 15:38:06|2256M    0     0   859M|   0     0 | 16 1.0  83   0   0   0|1.10 0.76 0.41
02-09 15:38:07|2256M    0     0   859M|   0     0 | 16 0.7  83   0   0   0|1.10 0.77 0.41
02-09 15:38:08|2256M    0     0   859M|   0     0 | 17 0.7  83   0   0   0|1.10 0.77 0.41
02-09 15:38:09|2255M    0     0   859M|   0     0 | 17 1.0  82   0   0   0|1.10 0.77 0.41
02-09 15:38:10|2242M    0     0   872M|1571B 3687B| 16 0.8  83   0   0   0|1.10 0.77 0.41
02-09 15:38:11|2255M    0     0   860M|   0     0 | 17 1.0  82   0   0   0|1.10 0.77 0.41
02-09 15:38:12|2258M    0     0   857M|   0     0 | 17 0.5  82   0   0   0|1.09 0.77 0.41
02-09 15:38:13|2258M    0     0   857M|   0     0 | 17 0.2  83   0   0   0|1.09 0.77 0.41
02-09 15:38:14|2234M    0     0   881M|1386B 1304B| 16 1.2  83   0   0   0|1.09 0.77 0.41
02-09 15:38:15|2255M    0     0   860M|   0     0 | 17 0.7  82   0   0   0|1.09 0.77 0.41
02-09 15:38:16|2256M    0     0   858M|   0     0 | 17 0.3  82   0   0   0|1.09 0.77 0.41
02-09 15:38:17|2257M    0     0   858M| 334B 1032B| 17 0.8  82   0   0   0|1.08 0.77 0.42
02-09 15:38:18|2257M    0     0   858M|   0     0 | 17 0.3  82   0   0   0|1.08 0.77 0.42
02-09 15:38:19|2242M    0     0   873M|1388B 1306B| 15 1.3  83   0   0   0|1.08 0.77 0.42
02-09 15:38:20|2255M    0     0   860M| 260B 4924B| 16 0.8  83   0   0   0|1.08 0.77 0.42
02-09 15:38:21|2255M    0     0   860M|   0     0 | 17 0.5  82   0   0   0|1.08 0.77 0.42
02-09 15:38:22|2277M    0     0   837M|   0     0 | 16 0.7  83   0   0   0|1.07 0.78 0.42
02-09 15:38:23|2278M    0     0   837M|   0     0 | 16 0.7  83   0   0   0|1.07 0.78 0.42
02-09 15:38:24|2278M    0     0   837M|   0     0 | 17 0.2  83   0   0   0|1.07 0.78 0.42
02-09 15:38:25|2279M    0     0   835M|   0     0 | 17 0.5  83   0   0   0|1.07 0.78 0.42
02-09 15:38:26|2208M    0     0   906M|2238B 2513B| 16 1.0  83   0   0   0|1.07 0.78 0.42
02-09 15:38:27|2251M    0     0   864M|   0     0 | 15 1.2  84   0   0   0|1.07 0.78 0.42
02-09 15:38:28|2255M    0     0   860M|   0     0 | 18 0.3  82   0   0   0|1.07 0.78 0.42
02-09 15:38:29|2255M    0     0   860M|   0     0 | 17 0.2  83   0   0   0|1.07 0.78 0.42
02-09 15:38:30|2255M    0     0   859M| 208B 2697B| 17 0.3  83   0   0   0|1.07 0.78 0.42
02-09 15:38:31|2255M    0     0   859M|   0     0 | 16 0.7  83   0   0   0|1.07 0.78 0.42
02-09 15:38:32|2255M    0     0   859M|   0     0 | 17 0.8  82   0   0   0|1.06 0.78 0.43
02-09 15:38:33|2255M    0     0   859M|   0     0 | 16 0.2  84   0   0   0|1.06 0.78 0.43
02-09 15:38:34|2255M    0     0   859M|   0     0 | 17 0.5  82   0   0   0|1.06 0.78 0.43
02-09 15:38:35|2255M    0     0   859M|   0     0 | 16 0.5  83   0   0   0|1.06 0.78 0.43
02-09 15:38:36|2255M    0     0   859M|   0     0 | 17   0  83   0   0   0|1.06 0.78 0.43
02-09 15:38:37|2204M    0     0   911M|1416B 1334B| 17 1.0  83   0   0   0|1.06 0.79 0.43
02-09 15:38:38|2251M    0     0   864M|   0     0 | 15 1.5  83   0   0   0|1.06 0.79 0.43
02-09 15:38:39|2255M    0     0   860M|   0     0 | 16 0.3  83   0   0   0|1.06 0.79 0.43
02-09 15:38:40|2255M    0     0   859M| 240B 3096B| 17 1.0  82   0   0   0|1.06 0.79 0.43
02-09 15:38:41|2255M    0     0   859M|   0     0 | 16 0.3  83   0   0   0|1.06 0.79 0.43
02-09 15:38:42|2234M    0     0   881M|1400B 1318B| 16 1.0  83   0   0   0|1.05 0.79 0.43
02-09 15:38:43|2255M    0     0   860M|   0     0 | 17 0.7  82   0   0   0|1.05 0.79 0.43
02-09 15:38:44|2255M    0     0   860M|   0     0 | 16 0.7  83   0   0   0|1.05 0.79 0.43
02-09 15:38:45|2255M    0     0   860M|   0     0 | 16 0.3  83   0   0   0|1.05 0.79 0.43
02-09 15:38:46|2255M    0     0   860M|   0     0 | 17 0.5  83   0   0   0|1.05 0.79 0.43
02-09 15:38:47|2255M    0     0   860M|   0     0 | 16 1.0  83   0   0   0|1.05 0.79 0.43
02-09 15:38:48|2255M    0     0   860M|   0     0 | 16 0.5  83   0   0   0|1.05 0.79 0.43
02-09 15:38:49|2255M    0     0   859M|   0     0 | 16 0.3  83   0   0   0|1.05 0.79 0.43
02-09 15:38:50|2255M    0     0   859M| 208B 3539B| 16 1.2  83   0   0   0|1.05 0.79 0.43
02-09 15:38:51|2255M    0     0   859M|   0     0 | 17 0.5  83   0   0   0|1.05 0.79 0.43
02-09 15:38:52|2241M    0     0   873M|1416B 1334B| 15 1.3  83   0   0   0|1.04 0.80 0.44
02-09 15:38:53|2255M    0     0   860M|   0     0 | 16 0.5  84   0   0   0|1.04 0.80 0.44
02-09 15:38:54|2255M    0     0   860M|   0     0 | 16 0.7  83   0   0   0|1.04 0.80 0.44
02-09 15:38:55|2255M    0     0   860M|   0     0 | 16 0.7  83   0   0   0|1.04 0.80 0.44
02-09 15:38:56|2256M    0     0   858M|   0     0 | 15 0.5  84   0   0   0|1.04 0.80 0.44
02-09 15:38:57|2256M    0     0   858M|   0     0 | 17 0.7  83   0   0   0|1.04 0.80 0.44
02-09 15:38:58|2256M    0     0   858M|   0     0 | 16 1.0  83   0   0   0|1.04 0.80 0.44
02-09 15:38:59|2197M    0     0   918M|1399B 1317B| 16 0.7  83   0   0   0|1.04 0.80 0.44
02-09 15:39:00|2247M    0     0   867M| 260B 4344B| 16 1.0  83   0   0   0|1.04 0.80 0.44
02-09 15:39:01|2255M    0     0   860M| 156B  484B| 16 1.0  83   0   0   0|1.04 0.80 0.44
02-09 15:39:02|2255M    0     0   860M|   0     0 | 16 0.7  83   0   0   0|1.04 0.80 0.44
02-09 15:39:03|2255M    0     0   860M|   0     0 | 16 0.5  83   0   0   0|1.04 0.80 0.44
02-09 15:39:04|2255M    0     0   860M|   0     0 | 17 0.8  82   0   0   0|1.04 0.80 0.44
02-09 15:39:05|2255M    0     0   860M|   0     0 | 17 0.7  83   0   0   0|1.04 0.80 0.44
02-09 15:39:06|2255M    0     0   860M|   0     0 | 16 0.5  83   0   0   0|1.04 0.80 0.44
02-09 15:39:07|2255M    0     0   860M|   0     0 | 16 0.7  83   0   0   0|1.03 0.81 0.45
02-09 15:39:08|2255M    0     0   859M|   0     0 | 17 0.7  82   0   0   0|1.03 0.81 0.45
02-09 15:39:09|2255M    0     0   859M|   0     0 | 16 0.5  83   0   0   0|1.03 0.81 0.45
02-09 15:39:10|2231M    0     0   883M|1521B 2596B| 16 1.0  83   0   0   0|1.03 0.81 0.45
02-09 15:39:11|2255M    0     0   860M|   0     0 | 16 0.8  83   0   0   0|1.03 0.81 0.45
02-09 15:39:12|2255M    0     0   859M|   0     0 | 18 0.8  81   0   0   0|1.03 0.81 0.45
02-09 15:39:13|2255M    0     0   859M|   0     0 | 17 0.2  83   0   0   0|1.03 0.81 0.45
02-09 15:39:14|2205M    0     0   909M|1399B 1317B| 16 0.7  83   0   0   0|1.03 0.81 0.45
02-09 15:39:15|2250M    0     0   865M|   0     0 | 15 1.7  83   0   0   0|1.03 0.81 0.45
02-09 15:39:16|2255M    0     0   860M|   0     0 | 16 0.5  83   0   0   0|1.03 0.81 0.45
02-09 15:39:17|2255M    0     0   860M|   0     0 | 17   0  83   0   0   0|1.03 0.81 0.45
02-09 15:39:18|2255M    0     0   859M|   0     0 | 16 0.5  83   0   0   0|1.03 0.81 0.45
02-09 15:39:19|2255M    0     0   859M|   0     0 | 17 0.2  83   0   0   0|1.03 0.81 0.45
02-09 15:39:20|2193M    0     0   921M|1657B 6256B| 17 0.5  83   0   0   0|1.03 0.81 0.45
02-09 15:39:21|2242M    0     0   872M|   0     0 | 16 1.3  83   0   0   0|1.03 0.81 0.45
02-09 15:39:22|2255M    0     0   860M|   0     0 | 16 1.0  83   0   0   0|1.02 0.81 0.45
02-09 15:39:23|2255M    0     0   860M|   0     0 | 17   0  83   0   0   0|1.02 0.81 0.45
02-09 15:39:24|2255M    0     0   860M|   0     0 | 17 0.3  83   0   0   0|1.02 0.81 0.45
02-09 15:39:25|2260M    0     0   854M|   0     0 | 16 0.7  83   0   0   0|1.02 0.81 0.45
02-09 15:39:26|2260M    0     0   854M|   0     0 | 17 0.2  83   0   0   0|1.02 0.81 0.45
02-09 15:39:27|2260M    0     0   854M|   0     0 | 17 0.2  83   0   0   0|1.02 0.82 0.46
02-09 15:39:28|2261M    0     0   854M|   0     0 | 17 0.5  83   0   0   0|1.02 0.82 0.46
02-09 15:39:29|2241M    0     0   874M|1399B 1317B| 15 1.2  83   0   0   0|1.02 0.82 0.46
02-09 15:39:30|2255M    0     0   860M| 208B 4219B| 16 0.5  83   0   0   0|1.02 0.82 0.46
02-09 15:39:31|2255M    0     0   860M|   0     0 | 16 0.5  83   0   0   0|1.02 0.82 0.46
02-09 15:39:32|2255M    0     0   860M|   0     0 | 17   0  83   0   0   0|1.02 0.82 0.46
02-09 15:39:33|2255M    0     0   859M|   0     0 | 16 0.5  83   0   0   0|1.02 0.82 0.46
02-09 15:39:34|2255M    0     0   859M| 460B  684B| 17 0.5  83   0   0   0|1.02 0.82 0.46
02-09 15:39:35|2255M    0     0   859M|   0     0 | 17   0  83   0   0   0|1.02 0.82 0.46
02-09 15:39:36|2255M    0     0   859M| 376B 1188B| 17 0.2  83   0   0   0|1.02 0.82 0.46
02-09 15:39:37|2255M    0     0   859M| 136B 84.0B| 17 0.2  83   0   0   0|1.02 0.82 0.46
02-09 15:39:38|2255M    0     0   859M| 648B  536B| 17 0.5  83   0   0   0|1.02 0.82 0.46
02-09 15:39:39|2219M    0     0   895M|1709B 1751B| 17 1.2  82   0   0   0|1.02 0.82 0.46
02-09 15:39:40|2255M    0     0   860M| 208B 3115B| 16 0.7  84   0   0   0|1.02 0.82 0.46
02-09 15:39:41|2255M    0     0   860M|   0     0 | 17 0.3  83   0   0   0|1.02 0.82 0.46
02-09 15:39:42|2255M    0     0   859M| 104B  200B| 17 0.8  83   0   0   0|1.02 0.83 0.46
02-09 15:39:43|2255M    0     0   859M| 872B 1072B| 17 0.5  83   0   0   0|1.02 0.83 0.46
02-09 15:39:44|2255M    0     0   859M| 324B  760B| 17 0.8  83   0   0   0|1.02 0.83 0.46
02-09 15:39:45|2255M    0     0   859M|   0     0 | 17 0.5  83   0   0   0|1.02 0.83 0.46
02-09 15:39:46|2255M    0     0   859M| 680B  696B| 16 0.7  83   0   0   0|1.02 0.83 0.46
02-09 15:39:47|2255M    0     0   859M|   0     0 | 17   0  83   0   0   0|1.02 0.83 0.47
02-09 15:39:48|2239M    0     0   876M|1843B 1621B| 16 2.0  82   0   0   0|1.02 0.83 0.47
02-09 15:39:49|2256M    0     0   859M| 240B 1068B| 16 0.7  83   0   0   0|1.02 0.83 0.47
02-09 15:39:50|2256M    0     0   858M| 428B 3444B| 16 0.5  83   0   0   0|1.02 0.83 0.47
02-09 15:39:51|2256M    0     0   858M| 732B  468B| 16 0.5  83   0   0   0|1.02 0.83 0.47
02-09 15:39:52|2257M    0     0   858M| 188B  680B| 18 0.2  82   0   0   0|1.01 0.83 0.47
02-09 15:39:53|2257M    0     0   857M|   0     0 | 17 0.8  82   0   0   0|1.01 0.83 0.47
02-09 15:39:54|2257M    0     0   857M| 408B  316B| 16 0.7  83   0   0   0|1.01 0.83 0.47
02-09 15:39:55|2257M    0     0   857M| 272B  200B| 16 1.0  83   0   0   0|1.01 0.83 0.47
02-09 15:39:56|2257M    0     0   857M|   0     0 | 16 0.5  83   0   0   0|1.01 0.83 0.47
02-09 15:39:57|2257M    0     0   857M|   0     0 | 16 0.7  83   0   0   0|1.01 0.83 0.47
02-09 15:39:58|2257M    0     0   857M|   0     0 | 16 0.3  83   0   0   0|1.01 0.83 0.47
02-09 15:39:59|2257M    0     0   857M|   0     0 | 17 0.5  83   0   0   0|1.01 0.83 0.47
02-09 15:40:00|2257M    0     0   857M| 156B 1202B| 16 0.3  83   0   0   0|1.01 0.83 0.47
02-09 15:40:01|2217M    0     0   898M|1399B 1317B| 16 0.7  83   0   0   0|1.01 0.83 0.47
02-09 15:40:02|2257M    0     0   858M|   0     0 | 16 1.0  83   0   0   0|1.01 0.84 0.47
02-09 15:40:03|2257M    0     0   858M|   0     0 | 17 0.5  82   0   0   0|1.01 0.84 0.47
02-09 15:40:04|2257M    0     0   858M|   0     0 | 16 0.3  83   0   0   0|1.01 0.84 0.47
02-09 15:40:05|2257M    0     0   858M|   0     0 | 16 0.8  83   0   0   0|1.01 0.84 0.47
02-09 15:40:06|2257M    0     0   858M|   0     0 | 17 0.7  83   0   0   0|1.01 0.84 0.47
02-09 15:40:07|2258M    0     0   857M|84.0B 52.0B| 17 0.3  83   0   0   0|1.01 0.84 0.48
02-09 15:40:08|2258M    0     0   857M| 136B 1288B| 16 0.7  83   0   0   0|1.01 0.84 0.48
02-09 15:40:09|2258M    0     0   857M|   0     0 | 16 0.7  83   0   0   0|1.01 0.84 0.48
02-09 15:40:10|2258M    0     0   857M| 156B 2507B| 16 1.0  83   0   0   0|1.01 0.84 0.48
02-09 15:40:11|2258M    0     0   857M|   0     0 | 16 0.5  83   0   0   0|1.01 0.84 0.48
02-09 15:40:12|2207M    0     0   908M|1385B 1303B| 16 1.2  83   0   0   0|1.01 0.84 0.48
02-09 15:40:13|2253M    0     0   862M|   0     0 | 15 1.5  83   0   0   0|1.01 0.84 0.48
02-09 15:40:14|2257M    0     0   858M|   0     0 | 17 0.7  82   0   0   0|1.01 0.84 0.48
02-09 15:40:15|2257M    0     0   858M|   0     0 | 17 0.5  82   0   0   0|1.01 0.84 0.48
02-09 15:40:16|2216M    0     0   899M|1399B 1317B| 16 0.8  83   0   0   0|1.01 0.84 0.48
02-09 15:40:17|2253M    0     0   861M| 220B  684B| 16 1.3  83   0   0   0|1.01 0.84 0.48
02-09 15:40:18|2257M    0     0   858M|   0     0 | 18 0.8  81   0   0   0|1.01 0.84 0.48
02-09 15:40:19|2258M    0     0   856M| 188B  920B| 17 0.2  83   0   0   0|1.01 0.84 0.48
02-09 15:40:20|2258M    0     0   856M| 260B 4933B| 17 0.2  83   0   0   0|1.01 0.84 0.48
02-09 15:40:21|2258M    0     0   856M|   0     0 | 17 0.7  82   0   0   0|1.01 0.84 0.48
02-09 15:40:22|2258M    0     0   856M|84.0B    0 | 17 0.3  83   0   0   0|1.01 0.85 0.48
02-09 15:40:23|2209M    0     0   906M|1417B 1387B| 16 0.7  83   0   0   0|1.01 0.85 0.48
02-09 15:40:24|2252M    0     0   863M|84.0B  184B| 16 1.2  83   0   0   0|1.01 0.85 0.48
02-09 15:40:25|2257M    0     0   858M|52.0B    0 | 16 0.2  84   0   0   0|1.01 0.85 0.48
02-09 15:40:26|2257M    0     0   858M|   0     0 | 17 0.2  83   0   0   0|1.01 0.85 0.48
02-09 15:40:27|2257M    0     0   857M|   0     0 | 16 0.8  83   0   0   0|1.01 0.85 0.49
02-09 15:40:28|2257M    0     0   857M|   0     0 | 17 0.2  83   0   0   0|1.01 0.85 0.49
02-09 15:40:29|2257M    0     0   857M|   0     0 | 16 0.3  83   0   0   0|1.01 0.85 0.49
02-09 15:40:30|2257M    0     0   857M| 156B 3015B| 17 0.5  83   0   0   0|1.01 0.85 0.49
02-09 15:40:31|2257M    0     0   857M|   0     0 | 16 0.7  83   0   0   0|1.01 0.85 0.49
02-09 15:40:32|2257M    0     0   857M| 856B 1104B| 16 0.8  83   0   0   0|1.01 0.85 0.49
02-09 15:40:33|2257M    0     0   857M|   0     0 | 16 0.5  83   0   0   0|1.01 0.85 0.49
02-09 15:40:34|2199M    0     0   916M|1831B 2789B| 16 1.2  83   0   0   0|1.01 0.85 0.49
02-09 15:40:35|2250M    0     0   865M| 460B  812B| 16 1.0  83   0   0   0|1.01 0.85 0.49
02-09 15:40:36|2257M    0     0   858M| 856B 1056B| 16 0.7  84   0   0   0|1.01 0.85 0.49
02-09 15:40:37|2257M    0     0   858M|84.0B  892B| 16 0.8  83   0   0   0|1.00 0.85 0.49
02-09 15:40:38|2257M    0     0   858M| 104B    0 | 17 0.3  82   0   0   0|1.00 0.85 0.49
02-09 15:40:39|2257M    0     0   857M|   0     0 | 17   0   - 455   0   0|1.00 0.85 0.49
02-09 15:40:40|2257M    0     0   857M| 156B 2874B| 18 0.5 444   -   0   0|1.00 0.85 0.49
02-09 15:40:41|2257M    0     0   857M|84.0B 52.0B| 17 0.8  83   0   0   0|1.00 0.85 0.49
02-09 15:40:42|2257M    0     0   857M| 292B  580B| 17 0.3  83   0   0   0|1.00 0.85 0.49
02-09 15:40:43|2240M    0     0   875M|1637B 2643B| 15 1.7  83   0   0   0|1.00 0.85 0.49
02-09 15:40:44|2257M    0     0   858M|   0     0 | 16 1.0  83   0   0   0|1.00 0.85 0.49
02-09 15:40:45|2257M    0     0   858M|   0     0 | 16 0.7  83   0   0   0|1.00 0.85 0.49
02-09 15:40:46|2257M    0     0   857M|   0     0 | 17 0.5  82   0   0   0|1.00 0.85 0.49
02-09 15:40:47|2257M    0     0   857M|   0     0 | 16 0.5  83   0   0   0|1.08 0.87 0.50
02-09 15:40:48|2257M    0     0   857M|   0     0 | 16 0.8  83   0   0   0|1.08 0.87 0.50
02-09 15:40:49|2257M    0     0   857M|   0     0 | 16 1.2  82   0   0   0|1.08 0.87 0.50
02-09 15:40:50|2257M    0     0   857M| 312B 3829B| 16 0.8  83   0   0   0|1.08 0.87 0.50
02-09 15:40:51|2223M    0     0   892M|1416B 1334B| 16 1.2  82   0   0   0|1.08 0.87 0.50
02-09 15:40:52|2257M    0     0   857M|   0     0 | 16 1.0  83   0   0   0|1.08 0.88 0.50
02-09 15:40:53|2257M    0     0   857M|   0     0 | 16 0.8  83   0   0   0|1.08 0.88 0.50
02-09 15:40:54|2257M    0     0   857M|   0     0 | 16 0.3  83   0   0   0|1.08 0.88 0.50
02-09 15:40:55|2258M    0     0   857M|   0     0 | 17 0.7  83   0   0   0|1.08 0.88 0.50
02-09 15:40:56|2258M    0     0   857M|   0     0 | 16 0.7  83   0   0   0|1.08 0.88 0.50
02-09 15:40:57|2258M    0     0   857M|   0     0 | 18 0.2  82   0   0   0|1.07 0.88 0.51
02-09 15:40:58|2224M    0     0   891M|1391B 1309B| 16 1.0  83   0   0   0|1.07 0.88 0.51
02-09 15:40:59|2257M    0     0   858M|   0     0 | 15 1.0  84   0   0   0|1.07 0.88 0.51
02-09 15:41:00|2257M    0     0   858M| 364B 4603B| 16 0.7  83   0   0   0|1.07 0.88 0.51
02-09 15:41:01|2257M    0     0   858M|   0     0 | 17 0.8  82   0   0   0|1.07 0.88 0.51
02-09 15:41:02|2257M    0     0   857M|   0     0 | 16 0.5  83   0   0   0|1.06 0.88 0.51
02-09 15:41:03|2257M    0     0   857M|   0     0 | 17 0.5  83   0   0   0|1.06 0.88 0.51
02-09 15:41:04|2257M    0     0   857M|   0     0 | 16 0.5  83   0   0   0|1.06 0.88 0.51
02-09 15:41:05|2257M    0     0   857M|   0     0 | 16 0.7  83   0   0   0|1.06 0.88 0.51
02-09 15:41:06|2257M    0     0   857M|   0     0 | 17 0.5  83   0   0   0|1.06 0.88 0.51
02-09 15:41:07|2257M    0     0   857M|   0     0 | 17 0.3  83   0   0   0|1.06 0.88 0.51
02-09 15:41:08|2243M    0     0   871M|1426B 1344B| 17 1.6  82   0   0   0|1.06 0.88 0.51
02-09 15:41:09|2257M    0     0   858M|   0     0 | 16 0.7  83   0   0   0|1.06 0.88 0.51
02-09 15:41:10|2257M    0     0   858M| 156B 3021B| 16 0.3  83   0   0   0|1.06 0.88 0.51
02-09 15:41:11|2258M    0     0   856M|   0     0 | 17 0.7  83   0   0   0|1.06 0.88 0.51
02-09 15:41:12|2258M    0     0   856M|   0     0 | 16 0.5  83   0   0   0|1.05 0.88 0.51
02-09 15:41:13|2258M    0     0   856M|   0     0 | 17 0.2  82   0   0   0|1.05 0.88 0.51
02-09 15:41:14|2239M    0     0   875M|1400B 1318B| 16 1.2  83   0   0   0|1.05 0.88 0.51
02-09 15:41:15|2257M    0     0   858M|   0     0 | 15 1.0  84   0   0   0|1.05 0.88 0.51
02-09 15:41:16|2257M    0     0   858M|   0     0 | 17 0.3  82   0   0   0|1.05 0.88 0.51
02-09 15:41:17|2257M    0     0   858M|   0     0 | 17 0.2  83   0   0   0|1.05 0.88 0.52
02-09 15:41:18|2257M    0     0   857M|   0     0 | 16 0.5  83   0   0   0|1.05 0.88 0.52
02-09 15:41:19|2257M    0     0   857M|   0     0 | 17 0.5  82   0   0   0|1.05 0.88 0.52
02-09 15:41:20|2257M    0     0   857M| 156B 2988B| 16 0.3  83   0   0   0|1.05 0.88 0.52
02-09 15:41:21|2257M    0     0   857M|   0     0 | 16 0.5  83   0   0   0|1.05 0.88 0.52
02-09 15:41:22|2257M    0     0   857M|   0     0 | 16 0.5  83   0   0   0|1.05 0.89 0.52
02-09 15:41:23|2257M    0     0   857M|   0     0 | 16 0.3  83   0   0   0|1.05 0.89 0.52
02-09 15:41:24|2257M    0     0   857M|   0     0 | 17 0.2  83   0   0   0|1.05 0.89 0.52
02-09 15:41:25|2235M    0     0   879M|1416B 1334B| 16 1.5  82   0   0   0|1.05 0.89 0.52
02-09 15:41:26|2257M    0     0   857M|   0     0 | 16 0.7  83   0   0   0|1.05 0.89 0.52
02-09 15:41:27|2257M    0     0   857M|   0     0 | 16 0.5  83   0   0   0|1.04 0.89 0.52
02-09 15:41:28|2257M    0     0   857M| 712B  520B| 17 0.5  83   0   0   0|1.04 0.89 0.52
02-09 15:41:29|2257M    0     0   857M| 744B  588B| 17 0.2  82   0   0   0|1.04 0.89 0.52
02-09 15:41:30|2258M    0     0   857M| 156B 2513B| 17 0.3  83   0   0   0|1.04 0.89 0.52
02-09 15:41:31|2258M    0     0   857M|   0     0 | 16 0.7  83   0   0   0|1.04 0.89 0.52
02-09 15:41:32|2258M    0     0   857M|   0     0 | 16 0.5  83   0   0   0|1.04 0.89 0.52
02-09 15:41:33|2258M    0     0   857M|   0     0 | 16 0.5  83   0   0   0|1.04 0.89 0.52
02-09 15:41:34|2258M    0     0   857M|   0     0 | 17 0.2  83   0   0   0|1.04 0.89 0.52
02-09 15:41:35|2241M    0     0   873M|1399B 1317B| 16 1.2  83   0   0   0|1.04 0.89 0.52
02-09 15:41:36|2257M    0     0   857M|   0     0 | 16 0.7  84   0   0   0|1.04 0.89 0.52
02-09 15:41:37|2257M    0     0   857M|   0     0 | 16 0.8  83   0   0   0|1.04 0.89 0.53
02-09 15:41:38|2257M    0     0   857M|   0     0 | 16 0.5  83   0   0   0|1.04 0.89 0.53
02-09 15:41:39|2257M    0     0   857M|   0     0 | 16 0.7  83   0   0   0|1.04 0.89 0.53
02-09 15:41:40|2257M    0     0   857M| 156B 2489B| 17 1.0  82   0   0   0|1.04 0.89 0.53
02-09 15:41:41|2258M    0     0   857M|   0     0 | 16   0  84   0   0   0|1.04 0.89 0.53
02-09 15:41:42|2258M    0     0   857M| 772B 1036B| 17 0.7  83   0   0   0|1.03 0.89 0.53
02-09 15:41:43|2258M    0     0   857M|   0     0 | 16 1.0  83   0   0   0|1.03 0.89 0.53
02-09 15:41:44|2258M    0     0   857M|   0     0 | 17 0.5  83   0   0   0|1.03 0.89 0.53
02-09 15:41:45|2235M    0     0   879M|1416B 1334B| 16 1.3  83   0   0   0|1.03 0.89 0.53
02-09 15:41:46|2257M    0     0   857M|   0     0 | 17 0.8  82   0   0   0|1.03 0.89 0.53
02-09 15:41:47|2257M    0     0   857M|   0     0 | 16 0.5  83   0   0   0|1.03 0.89 0.53
02-09 15:41:48|2257M    0     0   857M|   0     0 | 16 0.5  83   0   0   0|1.03 0.89 0.53
02-09 15:41:49|2257M    0     0   857M| 772B 1036B| 17 0.7  83   0   0   0|1.03 0.89 0.53
02-09 15:41:50|2257M    0     0   857M| 208B 3560B| 16 0.7  83   0   0   0|1.03 0.89 0.53
02-09 15:41:51|2257M    0     0   857M|   0     0 | 16 0.3  83   0   0   0|1.03 0.89 0.53
02-09 15:41:52|2210M    0     0   905M|1399B 1317B| 17 1.1  82   0   0   0|1.03 0.89 0.53
02-09 15:41:53|2253M    0     0   861M|   0     0 | 16 1.0  83   0   0   0|1.03 0.89 0.53
02-09 15:41:54|2257M    0     0   857M|   0     0 | 16 0.5  83   0   0   0|1.03 0.89 0.53
02-09 15:41:55|2257M    0     0   857M|   0     0 | 16 0.5  83   0   0   0|1.03 0.89 0.53
02-09 15:41:56|2257M    0     0   857M|   0     0 | 17 0.2  83   0   0   0|1.03 0.89 0.53
02-09 15:41:57|2260M    0     0   854M|   0     0 | 16 0.3  83   0   0   0|1.02 0.90 0.54
02-09 15:41:58|2260M    0     0   854M|   0     0 | 17 0.5  83   0   0   0|1.02 0.90 0.54
02-09 15:41:59|2260M    0     0   854M|   0     0 | 16 0.3  83   0   0   0|1.02 0.90 0.54
02-09 15:42:00|2260M    0     0   854M| 208B 2587B| 17 0.3  83   0   0   0|1.02 0.90 0.54
02-09 15:42:01|2260M    0     0   854M|   0     0 | 17 0.2  83   0   0   0|1.02 0.90 0.54
02-09 15:42:02|2244M    0     0   871M|1398B 1316B| 15 1.5  83   0   0   0|1.02 0.90 0.54
02-09 15:42:03|2258M    0     0   857M|   0     0 | 16 0.8  83   0   0   0|1.02 0.90 0.54
02-09 15:42:04|2258M    0     0   857M|   0     0 | 16 0.5  83   0   0   0|1.02 0.90 0.54
02-09 15:42:05|2258M    0     0   857M|   0     0 | 16 0.5  83   0   0   0|1.02 0.90 0.54
02-09 15:42:06|2258M    0     0   857M|   0     0 | 17 0.5  82   0   0   0|1.02 0.90 0.54
02-09 15:42:07|2258M    0     0   856M|   0     0 | 16 0.3  83   0   0   0|1.02 0.90 0.54
02-09 15:42:08|2258M    0     0   856M|   0     0 | 17 0.5  83   0   0   0|1.02 0.90 0.54
02-09 15:42:09|2258M    0     0   856M|   0     0 | 16 1.0  83   0   0   0|1.02 0.90 0.54
02-09 15:42:10|2258M    0     0   856M| 156B 2486B| 16 0.3  83   0   0   0|1.02 0.90 0.54
02-09 15:42:11|2258M    0     0   856M|   0     0 | 16 0.5  83   0   0   0|1.02 0.90 0.54
02-09 15:42:12|2228M    0     0   886M|1399B 1317B| 16 1.2  82   0   0   0|1.02 0.90 0.54
02-09 15:42:13|2258M    0     0   857M|   0     0 | 16 0.7  84   0   0   0|1.02 0.90 0.54
02-09 15:42:14|2258M    0     0   857M|   0     0 | 16 0.5  83   0   0   0|1.02 0.90 0.54
02-09 15:42:15|2258M    0     0   857M|   0     0 | 17 0.5  83   0   0   0|1.02 0.90 0.54
02-09 15:42:16|2258M    0     0   857M|   0     0 | 16 0.5  83   0   0   0|1.02 0.90 0.54
02-09 15:42:17|2258M    0     0   857M|   0     0 | 16 1.0  83   0   0   0|1.02 0.90 0.55
02-09 15:42:18|2258M    0     0   857M|   0     0 | 16 0.5  83   0   0   0|1.02 0.90 0.55
02-09 15:42:19|2258M    0     0   857M|   0     0 | 17 0.5  82   0   0   0|1.02 0.90 0.55
02-09 15:42:20|2258M    0     0   857M| 156B 2835B| 16 0.5  83   0   0   0|1.02 0.90 0.55
02-09 15:42:21|2219M    0     0   896M|1417B 1335B| 16 1.3  82   0   0   0|1.02 0.90 0.55
02-09 15:42:22|2257M    0     0   857M|   0     0 | 16 0.8  84   0   0   0|1.02 0.90 0.55
02-09 15:42:23|2257M    0     0   857M|   0     0 | 17 0.8  82   0   0   0|1.02 0.90 0.55
02-09 15:42:24|2258M    0     0   857M|   0     0 | 17 0.5  83   0   0   0|1.02 0.90 0.55
02-09 15:42:25|2258M    0     0   857M|   0     0 | 17   0  83   0   0   0|1.02 0.90 0.55
02-09 15:42:26|2258M    0     0   857M|   0     0 | 17 0.7  83   0   0   0|1.02 0.90 0.55
02-09 15:42:27|2258M    0     0   857M|   0     0 | 17 0.3  83   0   0   0|1.01 0.91 0.55
02-09 15:42:28|2258M    0     0   857M| 772B 1052B| 17 0.2  83   0   0   0|1.01 0.91 0.55
02-09 15:42:29|2230M    0     0   884M|1434B 1352B| 16 0.8  83   0   0   0|1.01 0.91 0.55
02-09 15:42:30|2257M    0     0   857M| 260B 4997B| 16 0.8  83   0   0   0|1.01 0.91 0.55
02-09 15:42:31|2257M    0     0   857M|   0     0 | 17   0  83   0   0   0|1.01 0.91 0.55
02-09 15:42:32|2257M    0     0   857M|   0     0 | 17 0.2  83   0   0   0|1.01 0.91 0.55
02-09 15:42:33|2257M    0     0   857M|   0     0 | 17 0.3  82   0   0   0|1.01 0.91 0.55
02-09 15:42:34|2258M    0     0   857M|   0     0 | 16 0.2  83   0   0   0|1.01 0.91 0.55
02-09 15:42:35|2258M    0     0   857M|   0     0 | 17 0.3  82   0   0   0|1.01 0.91 0.55
02-09 15:42:36|2258M    0     0   857M|   0     0 | 17 0.3  83   0   0   0|1.01 0.91 0.55
02-09 15:42:37|2258M    0     0   857M|   0     0 | 17 0.2  83   0   0   0|1.01 0.91 0.55
02-09 15:42:38|2258M    0     0   857M|   0     0 | 17 0.5  83   0   0   0|1.01 0.91 0.55
02-09 15:42:39|2258M    0     0   857M|   0     0 | 17 0.3  83   0   0   0|1.01 0.91 0.55
02-09 15:42:40|2258M    0     0   857M| 104B 1261B| 17   0  83   0   0   0|1.01 0.91 0.55
02-09 15:42:41|2258M    0     0   857M|   0     0 | 17 0.3  83   0   0   0|1.01 0.91 0.55
02-09 15:42:42|2232M    0     0   883M|1415B 1333B| 16 1.7  82   0   0   0|1.01 0.91 0.56
02-09 15:42:43|2258M    0     0   857M|   0     0 | 16 1.0  83   0   0   0|1.01 0.91 0.56
02-09 15:42:44|2258M    0     0   857M|   0     0 | 17 0.3  83   0   0   0|1.01 0.91 0.56
02-09 15:42:45|2258M    0     0   857M|   0     0 | 17   0  83   0   0   0|1.01 0.91 0.56
02-09 15:42:46|2258M    0     0   857M|   0     0 | 17 0.3  83   0   0   0|1.01 0.91 0.56
02-09 15:42:47|2258M    0     0   857M|   0     0 | 16 0.5  83   0   0   0|1.01 0.91 0.56
02-09 15:42:48|2259M    0     0   856M|   0     0 | 17 0.3  82   0   0   0|1.01 0.91 0.56
02-09 15:42:49|2259M    0     0   856M|   0     0 | 17 0.3  83   0   0   0|1.01 0.91 0.56
02-09 15:42:50|2244M    0     0   871M|1607B 5557B| 16 0.8  83   0   0   0|1.01 0.91 0.56
02-09 15:42:51|2257M    0     0   857M|   0     0 | 17 0.7  83   0   0   0|1.01 0.91 0.56
02-09 15:42:52|2258M    0     0   857M|   0     0 | 16 0.5  83   0   0   0|1.01 0.91 0.56
02-09 15:42:53|2258M    0     0   857M|   0     0 | 17 0.5  83   0   0   0|1.01 0.91 0.56
02-09 15:42:54|2258M    0     0   857M|   0     0 | 16 0.5  83   0   0   0|1.01 0.91 0.56
02-09 15:42:55|2258M    0     0   857M|   0     0 | 17 0.2  83   0   0   0|1.01 0.91 0.56
02-09 15:42:56|2263M    0     0   851M|2046B 2046B| 21 1.4  78   0   0   0|1.01 0.91 0.56
02-09 15:42:57|2257M    0     0   857M| 141B  391B| 17 0.8  82   0   0   0|1.01 0.91 0.56
02-09 15:42:58|2257M    0     0   857M|   0     0 | 17 0.2  83   0   0   0|1.01 0.91 0.56
02-09 15:42:59|2260M    0     0   855M|   0     0 | 17 0.5  83   0   0   0|1.01 0.91 0.56
02-09 15:43:00|2260M    0     0   855M| 260B 3816B| 17 0.2  83   0   0   0|1.01 0.91 0.56
02-09 15:43:01|2215M    0     0   900M|1398B 1316B| 16 1.2  83   0   0   0|1.01 0.91 0.56
02-09 15:43:02|2254M    0     0   861M|   0     0 | 16 0.7  83   0   0   0|1.01 0.91 0.56
02-09 15:43:03|2257M    0     0   857M|   0     0 | 17   0  83   0   0   0|1.01 0.91 0.56
02-09 15:43:04|2257M    0     0   857M|   0     0 | 17 0.2  83   0   0   0|1.01 0.91 0.56
02-09 15:43:05|2260M    0     0   855M|   0     0 | 16 0.8  83   0   0   0|1.01 0.91 0.56
02-09 15:43:06|2260M    0     0   855M|   0     0 | 17 0.2  83   0   0   0|1.01 0.91 0.56
02-09 15:43:07|2260M    0     0   855M|   0     0 | 17 0.2  83   0   0   0|1.01 0.92 0.57
02-09 15:43:08|2197M    0     0   917M|1399B 1317B| 16 1.0  83   0   0   0|1.01 0.92 0.57
02-09 15:43:09|2249M    0     0   866M|   0     0 | 15 1.3  83   0   0   0|1.01 0.92 0.57
02-09 15:43:10|2263M    0     0   852M| 208B 4219B| 16 0.7  84   0   0   0|1.01 0.92 0.57
02-09 15:43:11|2268M    0     0   846M|   0     0 | 17 0.2  83   0   0   0|1.01 0.92 0.57
02-09 15:43:12|2268M    0     0   846M|   0     0 | 17   0  83   0   0   0|1.00 0.92 0.57
02-09 15:43:13|2271M    0     0   844M|   0     0 | 16 0.2  83   0   0   0|1.00 0.92 0.57
02-09 15:43:14|2271M    0     0   844M|   0     0 | 17 0.3  83   0   0   0|1.00 0.92 0.57
02-09 15:43:15|2271M    0     0   844M|   0     0 | 17 0.2  83   0   0   0|1.00 0.92 0.57
02-09 15:43:16|2271M    0     0   844M|   0     0 | 16 0.3  83   0   0   0|1.00 0.92 0.57
02-09 15:43:17|2271M    0     0   844M| 334B 1032B| 17 0.3  83   0   0   0|1.00 0.92 0.57
02-09 15:43:18|2271M    0     0   844M|   0     0 | 17 0.2  83   0   0   0|1.00 0.92 0.57
02-09 15:43:19|2271M    0     0   844M|   0     0 | 17   0  83   0   0   0|1.00 0.92 0.57
02-09 15:43:20|2271M    0     0   844M| 104B  603B| 17   0  83   0   0   0|1.00 0.92 0.57
02-09 15:43:21|2271M    0     0   844M|   0     0 | 17   0  83   0   0   0|1.00 0.92 0.57
02-09 15:43:22|2271M    0     0   844M|   0     0 | 17 0.2  83   0   0   0|1.00 0.92 0.57
02-09 15:43:23|2271M    0     0   844M|   0     0 | 17   0  83   0   0   0|1.00 0.92 0.57
02-09 15:43:24|2271M    0     0   844M|   0     0 | 17   0  83   0   0   0|1.00 0.92 0.57
02-09 15:43:25|2275M    0     0   840M|   0     0 | 18 0.5  82   0   0   0|1.00 0.92 0.57
02-09 15:43:26|2276M    0     0   838M| 840B 1197B| 16 0.5  83   0   0   0|1.00 0.92 0.57
02-09 15:43:27|2277M    0     0   838M|   0     0 | 17 0.2  83   0   0   0|1.00 0.92 0.57
02-09 15:43:28|2277M    0     0   838M|   0     0 | 17   0  83   0   0   0|1.00 0.92 0.57
02-09 15:43:29|2277M    0     0   838M|   0     0 | 17 0.3  83   0   0   0|1.00 0.92 0.57
02-09 15:43:30|2277M    0     0   838M|52.0B  211B| 17 0.3  83   0   0   0|1.00 0.92 0.57
02-09 15:43:31|2277M    0     0   838M|   0     0 | 17 0.3  83   0   0   0|1.00 0.92 0.57
02-09 15:43:32|2277M    0     0   838M|   0     0 | 17   0  83   0   0   0|1.00 0.92 0.58
02-09 15:43:33|2277M    0     0   838M|   0     0 | 17 0.2  83   0   0   0|1.00 0.92 0.58
02-09 15:43:34|2277M    0     0   838M|   0     0 | 17 0.3  83   0   0   0|1.00 0.92 0.58
02-09 15:43:35|2277M    0     0   838M|   0     0 | 17   0  83   0   0   0|1.00 0.92 0.58
02-09 15:43:36|2277M    0     0   838M|   0     0 | 17 0.3  83   0   0   0|1.00 0.92 0.58
02-09 15:43:37|2277M    0     0   838M|   0     0 | 17   0  83   0   0   0|1.00 0.92 0.58
02-09 15:43:38|2277M    0     0   838M|   0     0 | 17   0  83   0   0   0|1.00 0.92 0.58
02-09 15:43:39|2277M    0     0   838M|   0     0 | 17 0.2  83   0   0   0|1.00 0.92 0.58
02-09 15:43:40|2277M    0     0   838M|52.0B  392B| 17 0.2  83   0   0   0|1.00 0.92 0.58
02-09 15:43:41|2277M    0     0   838M|   0     0 | 17   0  83   0   0   0|1.00 0.92 0.58
02-09 15:43:42|2277M    0     0   838M|   0     0 | 17 0.3  83   0   0   0|1.00 0.92 0.58
02-09 15:43:43|2277M    0     0   838M|   0     0 | 17 0.3  83   0   0   0|1.00 0.92 0.58
02-09 15:43:44|2277M    0     0   838M|   0     0 | 17 0.2  83   0   0   0|1.00 0.92 0.58
02-09 15:43:45|2277M    0     0   838M|   0     0 | 17 0.2  83   0   0   0|1.00 0.92 0.58
02-09 15:43:46|2277M    0     0   838M|   0     0 | 17 0.3  83   0   0   0|1.00 0.92 0.58
02-09 15:43:47|2277M    0     0   838M|   0     0 | 17   0  83   0   0   0|1.00 0.92 0.58
02-09 15:43:48|2277M    0     0   838M|   0     0 | 17 0.2  83   0   0   0|1.00 0.92 0.58
02-09 15:43:49|2277M    0     0   838M|   0     0 | 17   0  83   0   0   0|1.00 0.92 0.58
02-09 15:43:50|2277M    0     0   838M| 188B  687B| 17 0.2  83   0   0   0|1.00 0.92 0.58
02-09 15:43:51|2277M    0     0   838M|   0     0 | 17 0.2  83   0   0   0|1.00 0.92 0.58
02-09 15:43:52|2277M    0     0   838M|   0     0 | 17 0.2  83   0   0   0|1.00 0.92 0.58
02-09 15:43:53|2277M    0     0   838M|   0     0 | 17   0  83   0   0   0|1.00 0.92 0.58
02-09 15:43:54|2222M    0     0   892M|1417B 1335B| 16 1.3  82   0   0   0|1.00 0.92 0.58
02-09 15:43:55|2258M    0     0   857M|   0     0 | 15 0.8  84   0   0   0|1.00 0.92 0.58
02-09 15:43:56|2258M    0     0   857M|   0     0 | 17 0.5  83   0   0   0|1.00 0.92 0.58
02-09 15:43:57|2258M    0     0   857M|   0     0 | 16 0.5  83   0   0   0|1.00 0.93 0.58
02-09 15:43:58|2258M    0     0   857M|   0     0 | 17 1.0  82   0   0   0|1.00 0.93 0.58
02-09 15:43:59|2258M    0     0   857M|   0     0 | 16 0.3  83   0   0   0|1.00 0.93 0.58
02-09 15:44:00|2218M    0     0   897M|1624B 4109B| 17 1.6  82   0   0   0|1.00 0.93 0.58
02-09 15:44:01|2255M    0     0   860M|   0     0 | 16 1.0  83   0   0   0|1.00 0.93 0.58
02-09 15:44:02|2257M    0     0   857M|   0     0 | 16 0.5  83   0   0   0|1.00 0.93 0.59
02-09 15:44:03|2265M    0     0   849M|   0     0 | 16 0.3  83   0   0   0|1.00 0.93 0.59
02-09 15:44:04|2275M    0     0   840M|   0     0 | 17 0.5  83   0   0   0|1.00 0.93 0.59
02-09 15:44:05|2275M    0     0   840M|   0     0 | 17   0  83   0   0   0|1.00 0.93 0.59
02-09 15:44:06|2275M    0     0   840M|   0     0 | 16 0.7  83   0   0   0|1.00 0.93 0.59
02-09 15:44:07|2276M    0     0   839M|   0     0 | 17 0.3  83   0   0   0|1.00 0.93 0.59
02-09 15:44:08|2229M    0     0   886M|1400B 1318B| 16 0.7  83   0   0   0|1.00 0.93 0.59
02-09 15:44:09|2257M    0     0   857M|   0     0 | 15 0.8  84   0   0   0|1.00 0.93 0.59
02-09 15:44:10|2257M    0     0   857M| 208B 4395B| 17 0.7  82   0   0   0|1.00 0.93 0.59
02-09 15:44:11|2257M    0     0   857M|   0     0 | 16 0.8  83   0   0   0|1.00 0.93 0.59
02-09 15:44:12|2257M    0     0   857M|   0     0 | 16 0.5  83   0   0   0|1.00 0.93 0.59
02-09 15:44:13|2258M    0     0   857M|   0     0 | 16 0.5  83   0   0   0|1.00 0.93 0.59
02-09 15:44:14|2258M    0     0   857M|   0     0 | 16 0.5  83   0   0   0|1.00 0.93 0.59
02-09 15:44:15|2258M    0     0   857M|   0     0 | 16 0.8  83   0   0   0|1.00 0.93 0.59
02-09 15:44:16|2258M    0     0   857M|   0     0 | 16 0.5  83   0   0   0|1.00 0.93 0.59
02-09 15:44:17|2258M    0     0   857M|   0     0 | 18 0.5  82   0   0   0|1.00 0.93 0.59
02-09 15:44:18|2258M    0     0   857M|   0     0 | 16 0.7  83   0   0   0|1.00 0.93 0.59
02-09 15:44:19|2215M    0     0   899M|1417B 1335B| 16 1.2  83   0   0   0|1.00 0.93 0.59
02-09 15:44:20|2256M    0     0   858M| 156B 2856B| 16 1.5  83   0   0   0|1.00 0.93 0.59
02-09 15:44:21|2262M    0     0   853M|   0     0 | 17 0.2  83   0   0   0|1.00 0.93 0.59
02-09 15:44:22|2266M    0     0   848M|   0     0 | 17   0  83   0   0   0|1.00 0.93 0.59
02-09 15:44:23|2268M    0     0   846M|   0     0 | 17 0.5  83   0   0   0|1.00 0.93 0.59
02-09 15:44:24|2268M    0     0   846M|   0     0 | 16 0.8  83   0   0   0|1.00 0.93 0.59
02-09 15:44:25|2269M    0     0   846M|   0     0 | 16 0.3  84   0   0   0|1.00 0.93 0.59
02-09 15:44:26|2269M    0     0   846M|   0     0 | 17 0.2  83   0   0   0|1.00 0.93 0.59
02-09 15:44:27|2269M    0     0   846M|   0     0 | 17 0.2  83   0   0   0|1.00 0.93 0.60
02-09 15:44:28|2269M    0     0   846M|   0     0 | 17 0.2  83   0   0   0|1.00 0.93 0.60
02-09 15:44:29|2269M    0     0   846M|   0     0 | 17 0.2  83   0   0   0|1.00 0.93 0.60
02-09 15:44:30|2269M    0     0   846M| 104B  603B| 17 0.2  83   0   0   0|1.00 0.93 0.60
02-09 15:44:31|2269M    0     0   846M|   0     0 | 17   0  83   0   0   0|1.00 0.93 0.60
02-09 15:44:32|2273M    0     0   841M|   0     0 | 17 0.5  83   0   0   0|1.00 0.93 0.60
02-09 15:44:33|2273M    0     0   841M|   0     0 | 17 0.2  83   0   0   0|1.00 0.93 0.60
02-09 15:44:34|2274M    0     0   841M|   0     0 | 17   0  83   0   0   0|1.00 0.93 0.60
02-09 15:44:35|2274M    0     0   841M|   0     0 | 17 0.3  82   0   0   0|1.00 0.93 0.60
02-09 15:44:36|2274M    0     0   841M|   0     0 | 16 1.0  83   0   0   0|1.00 0.93 0.60
02-09 15:44:37|2274M    0     0   841M|   0     0 | 17   0  83   0   0   0|1.00 0.93 0.60
02-09 15:44:38|2274M    0     0   841M|   0     0 | 17 0.3  83   0   0   0|1.00 0.93 0.60
02-09 15:44:39|2274M    0     0   841M|   0     0 | 17 0.3  83   0   0   0|1.00 0.93 0.60
02-09 15:44:40|2274M    0     0   841M| 104B  603B| 17   0  83   0   0   0|1.00 0.93 0.60
02-09 15:44:41|2274M    0     0   841M|   0     0 | 17 0.2  83   0   0   0|1.00 0.93 0.60
02-09 15:44:42|2274M    0     0   841M|   0     0 | 17 0.2  83   0   0   0|1.00 0.93 0.60
02-09 15:44:43|2274M    0     0   841M| 788B 1020B| 17 0.2  83   0   0   0|1.00 0.93 0.60
02-09 15:44:44|2274M    0     0   840M|   0     0 | 17 0.2  83   0   0   0|1.00 0.93 0.60
02-09 15:44:45|2274M    0     0   840M|   0     0 | 17 0.2  83   0   0   0|1.00 0.93 0.60
02-09 15:44:46|2275M    0     0   840M|   0     0 | 17 0.2  83   0   0   0|1.00 0.93 0.60
02-09 15:44:47|2275M    0     0   840M|   0     0 | 17 0.3  82   0   0   0|1.00 0.93 0.60
02-09 15:44:48|2275M    0     0   840M|   0     0 | 16 0.8  83   0   0   0|1.00 0.93 0.60
02-09 15:44:49|2275M    0     0   840M|   0     0 | 16 0.3  83   0   0   0|1.00 0.93 0.60
02-09 15:44:50|2275M    0     0   840M| 104B  603B| 17 0.3  83   0   0   0|1.00 0.93 0.60
02-09 15:44:51|2275M    0     0   840M|   0     0 | 17   0  83   0   0   0|1.00 0.93 0.60
02-09 15:44:52|2275M    0     0   840M|   0     0 | 17   0  83   0   0   0|1.00 0.94 0.61
02-09 15:44:53|2275M    0     0   840M|   0     0 | 17 0.2  83   0   0   0|1.00 0.94 0.61
02-09 15:44:54|2275M    0     0   840M|   0     0 | 17 0.3  83   0   0   0|1.00 0.94 0.61
02-09 15:44:55|2275M    0     0   840M|   0     0 | 17 0.2  83   0   0   0|1.00 0.94 0.61
02-09 15:44:56|2203M    0     0   911M|1417B 1335B| 17 0.5  83   0   0   0|1.00 0.94 0.61
02-09 15:44:57|2252M    0     0   863M|   0     0 | 15 1.3  83   0   0   0|1.00 0.94 0.61
02-09 15:44:58|2258M    0     0   857M|   0     0 | 17 0.3  83   0   0   0|1.00 0.94 0.61
02-09 15:44:59|2258M    0     0   857M|   0     0 | 16 0.7  83   0   0   0|1.00 0.94 0.61
02-09 15:45:00|2258M    0     0   856M| 156B 1725B| 16 0.2  84   0   0   0|1.00 0.94 0.61
02-09 15:45:01|2258M    0     0   856M|   0     0 | 16 0.8  83   0   0   0|1.00 0.94 0.61
02-09 15:45:02|2258M    0     0   856M|   0     0 | 16 0.5  83   0   0   0|1.00 0.94 0.61
02-09 15:45:03|2258M    0     0   856M|   0     0 | 16 0.8  83   0   0   0|1.00 0.94 0.61
02-09 15:45:04|2258M    0     0   856M|   0     0 | 16 0.7  83   0   0   0|1.00 0.94 0.61
02-09 15:45:05|2258M    0     0   856M|   0     0 | 17 0.2  83   0   0   0|1.00 0.94 0.61
02-09 15:45:06|2124M    0     0   990M| 625B  683B|1.4 0.6  98   0   0   0|1.00 0.94 0.61
02-09 15:45:07|2124M    0     0   990M|   0     0 |0.2 0.2 100   0   0   0|0.92 0.92 0.61
02-09 15:45:08|2124M    0     0   990M|   0     0 |0.2   0 100   0   0   0|0.92 0.92 0.61
02-09 15:45:09|2124M    0     0   990M|   0     0 |  0   0 100   0   0   0|0.92 0.92 0.61
02-09 15:45:10|2124M    0     0   990M| 156B 2856B|0.2 0.2 100   0   0   0|0.92 0.92 0.61
02-09 15:45:11|2124M    0     0   990M|   0     0 |  0 0.2 100   0   0   0|0.92 0.92 0.61
02-09 15:45:12|2125M    0     0   990M|   0     0 |  0   0 100   0   0   0|0.85 0.91 0.60
02-09 15:45:13|2124M    0     0   990M|   0     0 |  0 0.2 100   0   0   0|0.85 0.91 0.60
02-09 15:45:14|2124M    0     0   990M|   0     0 |0.2 0.4  99   0   0   0|0.85 0.91 0.60
02-09 15:45:15|2124M    0     0   990M|   0     0 |  0   0 100   0   0   0|0.85 0.91 0.60
02-09 15:45:16|2124M    0     0   990M|   0     0 |  0 0.2 100   0   0   0|0.85 0.91 0.60
02-09 15:45:17|2124M    0     0   990M|   0     0 |  0 0.2 100   0   0   0|0.78 0.89 0.60
02-09 15:45:18|2124M    0     0   990M|   0     0 |  0   0 100   0   0   0|0.78 0.89 0.60
02-09 15:45:19|2124M    0     0   990M|   0     0 |  0 0.2 100   0   0   0|0.78 0.89 0.60
02-09 15:45:20|2124M    0     0   990M|   0     0 |0.2 0.2 100   0   0   0|0.78 0.89 0.60
02-09 15:45:21|2124M    0     0   990M|   0     0 |  0   0 100   0   0   0|0.78 0.89 0.60
02-09 15:45:22|2124M    0     0   990M|   0     0 |  0 0.4 100   0   0   0|0.72 0.88 0.60
02-09 15:45:23|2124M    0     0   990M|   0     0 |0.2 0.2 100   0   0   0|0.72 0.88 0.60
02-09 15:45:24|2124M    0     0   990M|   0     0 |  0   0 100   0   0   0|0.72 0.88 0.60
02-09 15:45:25|2124M    0     0   990M|   0     0 |0.2   0 100   0   0   0|0.72 0.88 0.60
02-09 15:45:26|2124M    0     0   990M|   0     0 |0.2 0.2 100   0   0   0|0.72 0.88 0.60
02-09 15:45:27|2124M    0     0   990M|   0     0 |  0   0 100   0   0   0|0.66 0.86 0.59
02-09 15:45:28|2124M    0     0   990M|   0     0 |  0   0 100   0   0   0|0.66 0.86 0.59
02-09 15:45:29|2124M    0     0   990M|   0     0 |0.2 0.2 100   0   0   0|0.66 0.86 0.59
02-09 15:45:30|2124M    0     0   990M|   0     0 |  0   0 100   0   0   0|0.66 0.86 0.59
02-09 15:45:31|2124M    0     0   990M|   0     0 |0.2 0.2 100   0   0   0|0.66 0.86 0.59
02-09 15:45:32|2124M    0     0   990M| 772B 1052B|  0 0.2 100   0   0   0|0.61 0.85 0.59
02-09 15:45:33|2124M    0     0   990M|   0     0 |  0   0 100   0   0   0|0.61 0.85 0.59
02-09 15:45:34|2124M    0     0   990M|   0     0 |  0 0.2 100   0   0   0|0.61 0.85 0.59
02-09 15:45:35|2124M    0     0   990M|   0     0 |  0 0.4 100   0   0   0|0.61 0.85 0.59
02-09 15:45:36|2124M    0     0   990M|1112B 1652B|0.2 0.2 100   0   0   0|0.61 0.85 0.59
02-09 15:45:37|2126M    0     0   988M| 188B  100B|2.1 0.6  97   0   0   0|0.56 0.83 0.59
