02-09 16:50:35 2186M    0     0   929M    0     0  0.2 0.0 100 0.0   0   0 0.04 0.06 0.10
02-09 16:50:36 2186M    0     0   929M  908 1056 0.2 0.2 100   0   0   0 0.04 0.06 0.10
02-09 16:50:37 2186M    0     0   929M  136  968   0 0.2 100   0   0   0 0.04 0.06 0.10
02-09 16:50:38 2122M    0     0   993M  188  184 0.2 0.4  99   0   0   0 0.04 0.06 0.10
02-09 16:50:39 2122M    0     0   993M    0     0    0   0 100   0   0   0 0.04 0.06 0.10
02-09 16:50:40 2122M    0     0   993M    0     0  0.2 0.2 100   0   0   0 0.04 0.06 0.10
02-09 16:50:41 2122M    0     0   993M    0     0    0 0.2 100   0   0   0 0.04 0.06 0.10
02-09 16:50:42 2122M    0     0   993M  772 1020   0 0.2 100   0   0   0 0.04 0.06 0.10
02-09 16:50:43 2122M    0     0   993M    0     0  0.2   0 100   0   0   0 0.04 0.06 0.10
02-09 16:50:44 2122M    0     0   993M  136  100 0.2 0.4  99   0   0   0 0.04 0.06 0.10
02-09 16:50:45 2124M    0     0   991M 84.0    0  0.2   0 100   0   0   0 0.03 0.06 0.10
02-09 16:50:46 2181M    0     0   934M  136  152  16 1.3  83   0   0   0 0.03 0.06 0.10
02-09 16:50:47 2186M    0     0   929M  272 1308 3.8 0.2  96   0   0   0 0.03 0.06 0.10
02-09 16:50:48 2186M    0     0   929M    0     0    0   0 100   0   0   0 0.03 0.06 0.10
02-09 16:50:49 2186M    0     0   929M    0     0  0.2 0.2 100   0   0   0 0.03 0.06 0.10
02-09 16:50:50 2186M    0     0   929M    0     0    0 0.2 100   0   0   0 0.03 0.06 0.10
02-09 16:50:51 2223M    0     0   891M  136 84.0 9.2 0.7  90   0   0   0 0.03 0.06 0.10
02-09 16:50:52 2272M    0     0   842M  676  608  16 1.0  83   0   0   0 0.03 0.06 0.10
02-09 16:50:53 2249M    0     0   866M  622  593  14 1.2  85   0   0   0 0.03 0.06 0.10
02-09 16:50:54 2249M    0     0   865M    0     0  0.4 0.6   - 539   0   0 0.03 0.06 0.10
02-09 16:50:55 2251M    0     0   863M    0     0  1.0 0.8   0  98   0   0 0.11 0.07 0.10
02-09 16:50:56 2256M    0     0   858M    0     0  2.7 1.2   0  96   0   0 0.11 0.07 0.10
02-09 16:50:57 2298M    0     0   816M  810  718  12 1.4 473   -   0   0 0.11 0.07 0.10
02-09 16:50:58 2326M    0     0   789M 84.0 52.0  15 1.5  83   0   0   0 0.11 0.07 0.10
02-09 16:50:59 2289M    0     0   825M 34.0.0068359375 34.0.005859375  15 1.7  83   0   0   0 0.11 0.07 0.10
02-09 16:51:00 2317M    0     0   798M  136  184  15 1.3  83   0   0   0 0.18 0.09 0.10
02-09 16:51:01 2280M    0     0   834M 35.0.0087890625 35.0.0078125  15 1.8  83   0   0   0 0.18 0.09 0.10
02-09 16:51:02 2260M    0     0   855M 35.0.001953125 35.0.0009765625  15 1.5  83   0   0   0 0.18 0.09 0.10
02-09 16:51:03 2349M    0     0   765M  344 4185  23 1.9  75   0   0   0 0.18 0.09 0.10
02-09 16:51:04 2418M    0     0   697M  676  608  26 2.4  71   0   0   0 0.18 0.09 0.10
02-09 16:51:05 2366M    0     0   749M 36.0.0048828125 36.0.0029296875  24 2.2   - 401   0   0 0.32 0.12 0.11
02-09 16:51:06 2383M    0     0   731M    0     0   14 1.5   0  85   0   0 0.32 0.12 0.11
02-09 16:51:07 2385M    0     0   729M    0     0   12 1.7   0  86   0   0 0.32 0.12 0.11
02-09 16:51:08 2368M    0     0   747M 60.0.0048828125 60.0.00390625  14 1.7 461   -   0   0 0.32 0.12 0.11
02-09 16:51:09 2352M    0     0   763M 36.0.00390625 36.0.00390625  16 1.7   - 449   0   0 0.32 0.12 0.11
02-09 16:51:10 2435M    0     0   680M  810  718  22 1.8 411   -   0   0 0.46 0.15 0.12
02-09 16:51:11 2409M    0     0   705M 34.0.0048828125 34.0.00390625  26 2.3  72   0   0   0 0.46 0.15 0.12
02-09 16:51:12 2414M    0     0   700M 39.0.005859375 39.0.0048828125  26 2.6  71   0   0   0 0.46 0.15 0.12
02-09 16:51:13 2438M    0     0   677M 40.0.0068359375 48.0  26 2.1  72   0   0   0 0.46 0.15 0.12
02-09 16:51:14 2455M    0     0   659M 42.0.0087890625 44.0.0087890625  25 2.9  72   0   0   0 0.46 0.15 0.12
02-09 16:51:15 2419M    0     0   696M 40.0.0087890625 38.0.0078125  26 2.6  71   0   0   0 0.58 0.18 0.13
02-09 16:51:16 2462M    0     0   653M    0     0   27 2.0  71   0   0   0 0.58 0.18 0.13
02-09 16:51:17 2404M    0     0   711M 71.0.0068359375 71.0.00390625  26 2.2  72   0   0   0 0.58 0.18 0.13
02-09 16:51:18 2461M    0     0   654M    0     0   26 2.7  71   0   0   0 0.58 0.18 0.13
02-09 16:51:19 2434M    0     0   681M 80.0.001953125 83.0.0009765625  25 3.1  71   0   0   0 0.58 0.18 0.13
02-09 16:51:20 2400M    0     0   715M 45.0.0048828125 42.0.001953125  26 2.1  72   0   0   0 0.69 0.21 0.14
02-09 16:51:21 2459M    0     0   655M    0     0   26 2.1   - 390   0   0 0.69 0.21 0.14
02-09 16:51:22 2381M    0     0   734M 71.0.005859375 71.0.0029296875  26 2.8 387   -   0   0 0.69 0.21 0.14
02-09 16:51:23 2449M    0     0   665M  624 13.0.0068359375  25 3.4  71   0   0   0 0.69 0.21 0.14
02-09 16:51:24 2417M    0     0   698M 61.0.0068359375 61.0.0029296875  25 3.8  71   0   0   0 0.69 0.21 0.14
02-09 16:51:25 2437M    0     0   677M 38.0.00390625 38.0.0029296875  26 2.4  71   0   0   0 0.80 0.24 0.15
02-09 16:51:26 2418M    0     0   696M 72.0.0029296875 76.0.0009765625  25 3.6  72   0   0   0 0.80 0.24 0.15
02-09 16:51:27 2446M    0     0   669M 4974  926  27 2.0  71   0   0   0 0.80 0.24 0.15
02-09 16:51:28 2461M    0     0   653M 37.0.005859375 37.0.00390625  33 3.7  63   0   0   0 0.80 0.24 0.15
02-09 16:51:29 2471M    0     0   643M 49.0.00390625 49.0.0029296875  33 2.2  65   0   0   0 0.80 0.24 0.15
02-09 16:51:30 2466M    0     0   649M 47.0.005859375 47.0.00390625  32 3.4  65   0   0   0 0.97 0.28 0.17
02-09 16:51:31 2428M    0     0   687M 76.0.0029296875 76.0.0009765625  34 2.5  63   0   0   0 0.97 0.28 0.17
02-09 16:51:32 2453M    0     0   661M    0     0   30 2.8  68   0   0   0 0.97 0.28 0.17
02-09 16:51:33 2432M    0     0   683M 36.0.0029296875 47.0.0068359375  25 3.3  72   0   0   0 0.97 0.28 0.17
02-09 16:51:34 2421M    0     0   694M 31.0.001953125 31.0.001953125  26 3.1  71   0   0   0 0.97 0.28 0.17
02-09 16:51:35 2464M    0     0   651M    0     0   27 2.1  71   0   0   0 1.06 0.31 0.18
02-09 16:51:36 2464M    0     0   650M    0     0   25 3.7  72   0   0   0 1.06 0.31 0.18
02-09 16:51:37 2451M    0     0   663M 50.0.005859375 50.0.00390625  25 3.4  71   0   0   0 1.06 0.31 0.18
02-09 16:51:38 2471M    0     0   643M    0     0   25 2.9  72   0   0   0 1.06 0.31 0.18
02-09 16:51:39 2444M    0     0   670M 38.0.00390625 38.0.0029296875  25 2.6  73   0   0   0 1.06 0.31 0.18
02-09 16:51:40 2469M    0     0   646M    0     0   27 2.4  71   0   0   0 1.13 0.34 0.19
02-09 16:51:41 2420M    0     0   695M 45.0.0068359375 45.0.0048828125  24 3.8  72   0   0   0 1.13 0.34 0.19
02-09 16:51:42 2459M    0     0   655M    0     0   25 2.3  72   0   0   0 1.13 0.34 0.19
02-09 16:51:43 2450M    0     0   665M 35.0.0068359375 42.0.005859375  25 3.8  71   0   0   0 1.13 0.34 0.19
02-09 16:51:44 2475M    0     0   640M    0     0   25 3.0  72   0   0   0 1.13 0.34 0.19
02-09 16:51:45 2470M    0     0   645M    0     0   23 3.2  74   0   0   0 1.28 0.38 0.20
02-09 16:51:46 2469M    0     0   645M    0     0   22 3.6  74   0   0   0 1.28 0.38 0.20
02-09 16:51:47 2416M    0     0   698M 86.0.00390625 86.0.001953125  24 3.7  72   0   0   0 1.28 0.38 0.20
02-09 16:51:48 2458M    0     0   657M    0     0   25 2.7  72   0   0   0 1.28 0.38 0.20
02-09 16:51:49 2491M    0     0   624M  772 1036  32 4.0  64   0   0   0 1.28 0.38 0.20
02-09 16:51:50 2464M    0     0   651M 38.0.0048828125 38.0.0029296875  35 3.3  62   0   0   0 1.50 0.44 0.22
02-09 16:51:51 2499M    0     0   616M    0     0   35 3.2  62   0   0   0 1.50 0.44 0.22
02-09 16:51:52 2496M    0     0   618M    0     0   34 2.7  63   0   0   0 1.50 0.44 0.22
02-09 16:51:53 2451M    0     0   663M 44.0.0087890625 49.0.0029296875  27 3.8  69   0   0   0 1.50 0.44 0.22
02-09 16:51:54 2408M    0     0   707M  0.224609375  0.224609375  26 2.8  71   0   0   0 1.50 0.44 0.22
02-09 16:51:55 2418M    0     0   697M 46.0.00390625 46.0.00390625  25 3.0  72   0   0   0 1.54 0.47 0.23
02-09 16:51:56 2455M    0     0   660M    0     0   25 2.6  72   0   0   0 1.54 0.47 0.23
02-09 16:51:57 2385M    0     0   730M  0.119140625  0.119140625  25 3.4  72   0   0   0 1.54 0.47 0.23
02-09 16:51:58 2448M    0     0   667M    0     0   26 2.4  71   0   0   0 1.54 0.47 0.23
02-09 16:51:59 2446M    0     0   669M 41.0.0009765625 41.0  25 3.4  71   0   0   0 1.54 0.47 0.23
02-09 16:52:00 2439M    0     0   675M 36.0 36.0  26 2.4  72   0   0   0 1.58 0.49 0.24
02-09 16:52:01 2430M    0     0   685M 35.0.0078125 35.0.005859375  25 2.9  72   0   0   0 1.58 0.49 0.24
02-09 16:52:02 2439M    0     0   676M 44.0.005859375 44.0.0048828125  27 2.1  71   0   0   0 1.58 0.49 0.24
02-09 16:52:03 2467M    0     0   648M  468 10.0.0078125  26 2.8  71   0   0   0 1.58 0.49 0.24
02-09 16:52:04 2428M    0     0   687M 37.0 36.0.0068359375  25 3.3  71   0   0   0 1.58 0.49 0.24
02-09 16:52:05 2467M    0     0   648M    0     0   27 2.5  71   0   0   0 1.69 0.54 0.26
02-09 16:52:06 2415M    0     0   699M 34.0.0048828125 34.0.00390625  25 4.0  71   0   0   0 1.69 0.54 0.26
02-09 16:52:07 2460M    0     0   654M    0     0   27 1.9  71   0   0   0 1.69 0.54 0.26
02-09 16:52:08 2473M    0     0   641M    0     0   26 3.3  71   0   0   0 1.69 0.54 0.26
02-09 16:52:09 2434M    0     0   681M 59.0.005859375 59.0.00390625  25 3.7  72   0   0   0 1.69 0.54 0.26
02-09 16:52:10 2435M    0     0   680M 36.0.0048828125 36.0.00390625  32 3.1  65   0   0   0 1.79 0.58 0.27
02-09 16:52:11 2480M    0     0   634M    0     0   36 2.7  61   0   0   0 1.79 0.58 0.27
02-09 16:52:12 2497M    0     0   618M    0     0   28 2.9  69   0   0   0 1.79 0.58 0.27
02-09 16:52:13 2472M    0     0   642M 38.0.0078125 46.0  35 2.8  63   0   0   0 1.79 0.58 0.27
02-09 16:52:14 2441M    0     0   673M 35.0.0078125 36.0.0009765625  34 3.0  63   0   0   0 1.79 0.58 0.27
02-09 16:52:15 2451M    0     0   663M  612  112  29 3.8  68   0   0   0 1.89 0.62 0.28
02-09 16:52:16 2471M    0     0   644M    0     0   26 3.6  70   0   0   0 1.89 0.62 0.28
02-09 16:52:17 2442M    0     0   673M 39.0.0068359375 39.0.0048828125  25 3.3  71   0   0   0 1.89 0.62 0.28
02-09 16:52:18 2406M    0     0   708M 36.0.005859375 36.0.0048828125  24 2.6  73   0   0   0 1.89 0.62 0.28
02-09 16:52:19 2454M    0     0   661M    0     0   26 2.4  72   0   0   0 1.89 0.62 0.28
02-09 16:52:20 2444M    0     0   671M 40.0.00390625 40.0.001953125  26 3.1  71   0   0   0 1.90 0.64 0.29
02-09 16:52:21 2422M    0     0   693M 35.0.0029296875 35.0.0029296875  28 2.4  70   0   0   0 1.90 0.64 0.29
02-09 16:52:22 2464M    0     0   651M    0     0   26 2.0  72   0   0   0 1.90 0.64 0.29
02-09 16:52:23 2426M    0     0   689M  0.2197265625  0.224609375  27 2.7  71   0   0   0 1.90 0.64 0.29
02-09 16:52:24 2437M    0     0   678M 36.0.00390625 36.0.0029296875  26 2.2  72   0   0   0 1.90 0.64 0.29
02-09 16:52:25 2387M    0     0   727M 74.0.0078125 74.0.005859375  25 3.3  71   0   0   0 1.91 0.66 0.30
02-09 16:52:26 2458M    0     0   656M    0     0   29 3.1  68   0   0   0 1.91 0.66 0.30
02-09 16:52:27 2422M    0     0   693M 37.0 36.0.0087890625  26 2.7  72   0   0   0 1.91 0.66 0.30
02-09 16:52:28 2440M    0     0   674M 43.0.0009765625 43.0.0009765625  25 2.5   - 395   0   0 1.91 0.66 0.30
02-09 16:52:29 2436M    0     0   679M 36.0.005859375 36.0.0048828125  23 2.9 400   -   0   0 1.91 0.66 0.30
02-09 16:52:30 2459M    0     0   656M    0     0   26 3.1  71   0   0   0 1.91 0.68 0.31
02-09 16:52:31 2392M    0     0   722M 95.0.0048828125 95.0.00390625  30 3.6  67   0   0   0 1.91 0.68 0.31
02-09 16:52:32 2477M    0     0   637M    0     0   36 2.0  62   0   0   0 1.91 0.68 0.31
02-09 16:52:33 2483M    0     0   632M 39.0.0048828125 52.0.0068359375  34 3.5   - 339   0   0 1.91 0.68 0.31
02-09 16:52:34 2466M    0     0   649M 44.0 41.0  34 2.3 349   -   0   0 1.91 0.68 0.31
02-09 16:52:35 2466M    0     0   649M 52.0.0029296875 51.0.0087890625  35 3.1   - 340   0   0 2.00 0.72 0.33
02-09 16:52:36 2392M    0     0   723M 73.0.0087890625 73.0.0068359375  28 2.6 374   -   0   0 2.00 0.72 0.33
02-09 16:52:37 2422M    0     0   693M 39.0.001953125 38.0.0087890625  27 1.8  71   0   0   0 2.00 0.72 0.33
02-09 16:52:38 2463M    0     0   652M 2236 8065  26 2.9  71   0   0   0 2.00 0.72 0.33
02-09 16:52:39 2433M    0     0   682M 89.0.0009765625  0.1103515625  26 2.3  71   0   0   0 2.00 0.72 0.33
02-09 16:52:40 2440M    0     0   675M 39.0.005859375 65.0.0078125  26 2.3  71   0   0   0 2.00 0.74 0.33
02-09 16:52:41 2446M    0     0   669M 44.0.0078125 61.0.00390625  26 2.6  71   0   0   0 2.00 0.74 0.33
02-09 16:52:42 2425M    0     0   690M 37.0.0087890625 57.0.0087890625  26 2.8  71   0   0   0 2.00 0.74 0.33
02-09 16:52:43 2379M    0     0   736M 77.0.00390625  0.1142578125  26 3.3  71   0   0   0 2.00 0.74 0.33
02-09 16:52:44 2447M    0     0   667M 1920 17.0  27 2.0  71   0   0   0 2.00 0.74 0.33
02-09 16:52:45 2399M    0     0   715M 76.0.0009765625 75.0.0087890625  26 2.9  71   0   0   0 2.00 0.76 0.34
02-09 16:52:46 2416M    0     0   698M 38.0.005859375 38.0.00390625  27 1.7  71   0   0   0 2.00 0.76 0.34
02-09 16:52:47 2441M    0     0   674M 76.0.0009765625 79.0.005859375  27 2.1  71   0   0   0 2.00 0.76 0.34
02-09 16:52:48 2444M    0     0   671M 4698  925  25 2.7  72   0   0   0 2.00 0.76 0.34
02-09 16:52:49 2420M    0     0   695M 71.0.001953125 71.0  26 2.7  71   0   0   0 2.00 0.76 0.34
02-09 16:52:50 2387M    0     0   728M 72.0.0068359375 72.0.0048828125  26 2.6  71   0   0   0 2.00 0.78 0.35
02-09 16:52:51 2464M    0     0   650M    0     0   27 1.9  72   0   0   0 2.00 0.78 0.35
02-09 16:52:52 2434M    0     0   680M 37.0.001953125 37.0.0009765625  30 4.3  65   0   0   0 2.00 0.78 0.35
02-09 16:52:53 2472M    0     0   643M  468 10.0.0087890625  35 3.6  62   0   0   0 2.00 0.78 0.35
02-09 16:52:54 2478M    0     0   637M 87.0.00390625 87.0.001953125  35 3.0  62   0   0   0 2.00 0.78 0.35
02-09 16:52:55 2458M    0     0   656M 42.0.0048828125 42.0.00390625  31 3.5   - 357   0   0 2.08 0.82 0.37
02-09 16:52:56 2517M    0     0   597M  631  713  30 2.6   0  68   0   0 2.08 0.82 0.37
02-09 16:52:57 2520M    0     0   594M  141  391  35 2.8 341   -   0   0 2.08 0.82 0.37
02-09 16:52:58 2538M    0     0   577M    0     0   35 2.9  62   0   0   0 2.08 0.82 0.37
02-09 16:52:59 2512M    0     0   603M 37.0.001953125 37.0.0009765625  32 3.4  65   0   0   0 2.08 0.82 0.37
02-09 16:53:00 2555M    0     0   560M 52.0  100  34 3.1  63   0   0   0 2.15 0.86 0.38
02-09 16:53:01 2438M    0     0   677M 34.0.0048828125 34.0.00390625  26 4.3  70   0   0   0 2.15 0.86 0.38
02-09 16:53:02 2416M    0     0   698M 35.0.0009765625 34.0.0087890625  27 2.9  70   0   0   0 2.15 0.86 0.38
02-09 16:53:03 2459M    0     0   656M  364 7245  26 2.9  71   0   0   0 2.15 0.86 0.38
02-09 16:53:04 2474M    0     0   641M    0     0   26 3.5  71   0   0   0 2.15 0.86 0.38
02-09 16:53:05 2440M    0     0   674M 55.0.0068359375 55.0.005859375  24 4.0  72   0   0   0 2.14 0.87 0.39
02-09 16:53:06 2473M    0     0   641M    0     0   27 2.6  71   0   0   0 2.14 0.87 0.39
02-09 16:53:07 2413M    0     0   702M 44.0.005859375 44.0.0048828125  28 4.1  68   0   0   0 2.14 0.87 0.39
02-09 16:53:08 2458M    0     0   656M    0     0   28 2.1  70   0   0   0 2.14 0.87 0.39
02-09 16:53:09 2441M    0     0   674M 51.0.001953125 51.0.0009765625  27 2.5  70   0   0   0 2.14 0.87 0.39
02-09 16:53:10 2475M    0     0   640M    0     0   26 2.7  71   0   0   0 2.14 0.87 0.39
02-09 16:53:11 2421M    0     0   693M 39.0.0048828125 39.0.00390625  26 3.3  71   0   0   0 2.13 0.89 0.40
02-09 16:53:12 2463M    0     0   651M    0     0   26 2.7  71   0   0   0 2.13 0.89 0.40
02-09 16:53:13 2475M    0     0   639M 36.0.0087890625 42.0.0048828125  30 4.0  66   0   0   0 2.13 0.89 0.40
02-09 16:53:14 2455M    0     0   659M  0.1845703125  0.185546875  34 3.1  63   0   0   0 2.13 0.89 0.40
02-09 16:53:15 2511M    0     0   604M 37.0.001953125 37.0.0009765625  35 3.1  62   0   0   0 2.13 0.89 0.40
02-09 16:53:16 2445M    0     0   669M 37.0.0029296875 37.0.001953125  33 3.1  64   0   0   0 2.20 0.93 0.41
02-09 16:53:17 2442M    0     0   673M 41.0.0009765625 41.0.0068359375  35 2.5  63   0   0   0 2.20 0.93 0.41
02-09 16:53:18 2439M    0     0   676M 44.0 43.0.0078125  30 2.8  67   0   0   0 2.20 0.93 0.41
02-09 16:53:19 2456M    0     0   659M 40.0.0029296875 40.0.0009765625  26 2.4  72   0   0   0 2.20 0.93 0.41
02-09 16:53:20 2439M    0     0   676M 35.0.0068359375 35.0.005859375  25 3.0  72   0   0   0 2.20 0.93 0.41
02-09 16:53:21 2440M    0     0   674M 39.0.005859375 39.0.0048828125  27 2.4  71   0   0   0 2.18 0.95 0.42
02-09 16:53:22 2459M    0     0   656M    0     0   25 3.2  72   0   0   0 2.18 0.95 0.42
02-09 16:53:23 2417M    0     0   697M 77.0 89.0.0068359375  26 3.5  71   0   0   0 2.18 0.95 0.42
02-09 16:53:24 2433M    0     0   682M 35.0.0009765625 35.0  26 2.3  71   0   0   0 2.18 0.95 0.42
02-09 16:53:25 2370M    0     0   745M 77.0.0029296875 77.0.0009765625  26 3.0  71   0   0   0 2.18 0.95 0.42
02-09 16:53:26 2449M    0     0   666M 39.0.005859375 42.0.0068359375  27 1.9  71   0   0   0 2.17 0.96 0.43
02-09 16:53:27 2442M    0     0   673M 3862  926  26 2.7  72   0   0   0 2.17 0.96 0.43
02-09 16:53:28 2439M    0     0   676M 83.0.0029296875 83.0.00390625  26 2.6  72   0   0   0 2.17 0.96 0.43
02-09 16:53:29 2393M    0     0   721M 79.0.0048828125 79.0.0029296875  24 2.9  73   0   0   0 2.17 0.96 0.43
02-09 16:53:30 2414M    0     0   700M 39.0 38.0.0087890625  26 2.0  72   0   0   0 2.17 0.96 0.43
02-09 16:53:31 2398M    0     0   716M 42.0 42.0  25 3.4  72   0   0   0 2.15 0.98 0.43
02-09 16:53:32 2443M    0     0   671M 25.0.00390625 32.0.0048828125  26 3.4  71   0   0   0 2.15 0.98 0.43
02-09 16:53:33 2418M    0     0   696M 73.0.0009765625 75.0.005859375  26 2.6  72   0   0   0 2.15 0.98 0.43
02-09 16:53:34 2429M    0     0   685M 40.0.0029296875 40.0.001953125  29 3.1  68   0   0   0 2.15 0.98 0.43
02-09 16:53:35 2450M    0     0   665M 38.0.0009765625 38.0  35 2.1  63   0   0   0 2.15 0.98 0.43
02-09 16:53:36 2486M    0     0   629M    0     0   35 2.5  63   0   0   0 2.22 1.01 0.45
02-09 16:53:37 2431M    0     0   684M 73.0.0087890625 73.0.0068359375  34 3.7  62   0   0   0 2.22 1.01 0.45
02-09 16:53:38 2495M    0     0   619M    0     0   34 2.3  64   0   0   0 2.22 1.01 0.45
02-09 16:53:39 2409M    0     0   706M 86.0.00390625 86.0.001953125  33 3.8  63   0   0   0 2.22 1.01 0.45
02-09 16:53:40 2522M    0     0   593M    0     0   36 1.6  63   0   0   0 2.22 1.01 0.45
02-09 16:53:41 2580M    0     0   534M    0     0   33 3.3  64   0   0   0 2.28 1.05 0.46
02-09 16:53:42 2552M    0     0   562M 48.0.001953125 48.0.0009765625  33 3.9  63   0   0   0 2.28 1.05 0.46
02-09 16:53:43 2437M    0     0   678M 36.0.0078125 47.0.005859375  31 3.8  65   0   0   0 2.28 1.05 0.46
02-09 16:53:44 2475M    0     0   639M    0     0   25 3.0   - 394   0   0 2.28 1.05 0.46
02-09 16:53:45 2477M    0     0   638M    0     0   20 3.2 419   -   0   0 2.28 1.05 0.46
02-09 16:53:46 2482M    0     0   633M    0     0   24 3.5  72   0   0   0 2.26 1.06 0.47
02-09 16:53:47 2424M    0     0   691M 47.0 46.0.0087890625  25 3.7  71   0   0   0 2.26 1.06 0.47
02-09 16:53:48 2468M    0     0   646M    0     0   26 2.6  72   0   0   0 2.26 1.06 0.47
02-09 16:53:49 2478M    0     0   636M    0     0   23 3.5  73   0   0   0 2.26 1.06 0.47
02-09 16:53:50 2461M    0     0   654M 35.0.0078125 35.0.0068359375  25 2.7  72   0   0   0 2.26 1.06 0.47
02-09 16:53:51 2440M    0     0   675M 42.0.0068359375 42.0.005859375  24 3.4  73   0   0   0 2.24 1.08 0.48
02-09 16:53:52 2476M    0     0   639M    0     0   25 2.7  72   0   0   0 2.24 1.08 0.48
02-09 16:53:53 2463M    0     0   651M 39.0.0029296875 44.0.0048828125  25 3.1  71   0   0   0 2.24 1.08 0.48
02-09 16:53:54 2456M    0     0   658M 36.0.0029296875 36.0.0029296875  24 3.3  72   0   0   0 2.24 1.08 0.48
02-09 16:53:55 2482M    0     0   632M    0     0   25 2.6  72   0   0   0 2.24 1.08 0.48
02-09 16:53:56 2464M    0     0   650M 35.0.0078125 35.0.0068359375  28 4.0  68   0   0   0 2.30 1.11 0.49
02-09 16:53:57 2504M    0     0   611M    0     0   34 2.3  63   0   0   0 2.30 1.11 0.49
02-09 16:53:58 2449M    0     0   665M 40.0.0029296875 40.0.0009765625  34 3.8  63   0   0   0 2.30 1.11 0.49
02-09 16:53:59 2495M    0     0   619M    0     0   35 2.5  63   0   0   0 2.30 1.11 0.49
02-09 16:54:00 2489M    0     0   626M 37.0.0078125 37.0.0087890625  34 2.2  64   0   0   0 2.30 1.11 0.49
02-09 16:54:01 2484M    0     0   631M 52.0    0   29 3.3  68   0   0   0 2.44 1.16 0.51
02-09 16:54:02 2439M    0     0   675M 40.0.0087890625 40.0.0078125  24 3.7  72   0   0   0 2.44 1.16 0.51
02-09 16:54:03 2476M    0     0   639M  312 6149  26 1.7   - 395   0   0 2.44 1.16 0.51
02-09 16:54:04 2487M    0     0   627M    0     0   22 2.4 413   -   0   0 2.44 1.16 0.51
02-09 16:54:05 2479M    0     0   636M    0     0   24 2.9  73   0   0   0 2.44 1.16 0.51
02-09 16:54:06 2438M    0     0   676M 37.0 37.0  25 3.0  72   0   0   0 2.48 1.19 0.52
02-09 16:54:07 2476M    0     0   639M    0     0   26 2.4  72   0   0   0 2.48 1.19 0.52
02-09 16:54:08 2476M    0     0   639M    0     0   24 2.9  73   0   0   0 2.48 1.19 0.52
02-09 16:54:09 2462M    0     0   652M 35.0.0068359375 35.0.005859375  25 2.9  73   0   0   0 2.48 1.19 0.52
02-09 16:54:10 2476M    0     0   639M    0     0   25 2.9  73   0   0   0 2.48 1.19 0.52
02-09 16:54:11 2448M    0     0   666M 35.0.0078125 35.0.0068359375  25 3.8  71   0   0   0 2.44 1.20 0.53
02-09 16:54:12 2476M    0     0   639M    0     0   24 2.3  73   0   0   0 2.44 1.20 0.53
02-09 16:54:13 2476M    0     0   639M  468 6711  26 2.4  72   0   0   0 2.44 1.20 0.53
02-09 16:54:14 2463M    0     0   651M 43.0.0029296875 43.0.001953125  25 3.0  72   0   0   0 2.44 1.20 0.53
02-09 16:54:15 2478M    0     0   637M    0     0   23 3.5  74   0   0   0 2.44 1.20 0.53
02-09 16:54:16 2450M    0     0   665M 41.0.00390625 41.0.0029296875  25 3.9  72   0   0   0 2.41 1.21 0.54
02-09 16:54:17 2448M    0     0   666M 40.0.001953125 40.0.001953125  28 3.3  68   0   0   0 2.41 1.21 0.54
02-09 16:54:18 2494M    0     0   620M    0     0   35 2.3  63   0   0   0 2.41 1.21 0.54
02-09 16:54:19 2510M    0     0   605M    0     0   33 3.4  63   0   0   0 2.41 1.21 0.54
02-09 16:54:20 2489M    0     0   625M 34.0.0048828125 34.0.00390625  34 3.0  63   0   0   0 2.41 1.21 0.54
02-09 16:54:21 2508M    0     0   606M    0     0   32 3.0   - 352   0   0 2.37 1.23 0.55
02-09 16:54:22 2487M    0     0   627M 48.0.001953125 48.0  32 3.9 349   -   0   0 2.37 1.23 0.55
02-09 16:54:23 2418M    0     0   696M 40.0.0068359375 47.0  26 3.5  71   0   0   0 2.37 1.23 0.55
02-09 16:54:24 2466M    0     0   649M    0     0   25 3.1  72   0   0   0 2.37 1.23 0.55
02-09 16:54:25 2480M    0     0   634M    0     0   25 2.7  72   0   0   0 2.37 1.23 0.55
02-09 16:54:26 2461M    0     0   654M 42.0.0029296875 42.0.001953125  25 2.9  72   0   0   0 2.34 1.24 0.55
02-09 16:54:27 2425M    0     0   689M 55.0.0087890625 55.0.0087890625  25 2.3  72   0   0   0 2.34 1.24 0.55
02-09 16:54:28 2470M    0     0   645M    0     0   26 2.4  71   0   0   0 2.34 1.24 0.55
02-09 16:54:29 2461M    0     0   653M 37.0.005859375 37.0.0048828125  25 2.2  73   0   0   0 2.34 1.24 0.55
02-09 16:54:30 2437M    0     0   677M 44.0 43.0.0078125  25 3.2   - 391   0   0 2.34 1.24 0.55
02-09 16:54:31 2477M    0     0   638M    0     0   25 3.2 391   -   0   0 2.32 1.25 0.56
02-09 16:54:32 2477M    0     0   637M    0     0   23 3.2  74   0   0   0 2.32 1.25 0.56
02-09 16:54:33 2456M    0     0   659M 63.0.0009765625 68.0.0029296875  24 4.1  71   0   0   0 2.32 1.25 0.56
02-09 16:54:34 2481M    0     0   634M    0     0   26 2.4  71   0   0   0 2.32 1.25 0.56
02-09 16:54:35 2435M    0     0   680M 40.0.0078125 40.0.0068359375  24 3.6  72   0   0   0 2.32 1.25 0.56
02-09 16:54:36 2476M    0     0   638M    0     0   25 3.0  72   0   0   0 2.29 1.26 0.57
02-09 16:54:37 2463M    0     0   652M 43.0.0087890625 43.0.0078125  24 3.5  72   0   0   0 2.29 1.26 0.57
02-09 16:54:38 2502M    0     0   613M    0     0   27 3.2  70   0   0   0 2.29 1.26 0.57
02-09 16:54:39 2469M    0     0   645M 39.0.0078125 39.0.005859375  34 3.4  63   0   0   0 2.29 1.26 0.57
02-09 16:54:40 2471M    0     0   644M  0.2861328125  0.287109375  35 2.4  62   0   0   0 2.29 1.26 0.57
02-09 16:54:41 2390M    0     0   724M 87.0.0029296875 87.0.0029296875  33 3.5  64   0   0   0 2.35 1.29 0.58
02-09 16:54:42 2445M    0     0   670M    0     0   31 2.5  66   0   0   0 2.35 1.29 0.58
02-09 16:54:43 2380M    0     0   735M 82.0 89.0.0068359375  26 3.1  71   0   0   0 2.35 1.29 0.58
02-09 16:54:44 2444M    0     0   670M    0     0   27 1.7  71   0   0   0 2.35 1.29 0.58
02-09 16:54:45 2394M    0     0   721M  0.1005859375  0.099609375  26 3.5  71   0   0   0 2.35 1.29 0.58
02-09 16:54:46 2470M    0     0   645M    0     0   26 2.6  71   0   0   0 2.32 1.30 0.59
02-09 16:54:47 2414M    0     0   700M 34.0.0048828125 34.0.00390625  25 3.6  72   0   0   0 2.32 1.30 0.59
02-09 16:54:48 2415M    0     0   699M 39.0.005859375 39.0.0048828125  27 2.7  71   0   0   0 2.32 1.30 0.59
02-09 16:54:49 2441M    0     0   674M 37.0.005859375 37.0.00390625  26 2.0   - 391   0   0 2.32 1.30 0.59
02-09 16:54:50 2440M    0     0   675M 41.0.0068359375 41.0.005859375  24 2.6 399   -   0   0 2.32 1.30 0.59
02-09 16:54:51 2414M    0     0   700M 35.0 34.0.0087890625  26 2.9  71   0   0   0 2.29 1.31 0.60
02-09 16:54:52 2433M    0     0   682M 34.0.0048828125 34.0.00390625  26 2.3  71   0   0   0 2.29 1.31 0.60
02-09 16:54:53 2448M    0     0   666M 31.0.005859375 42.0.0068359375  27 2.0  71   0   0   0 2.29 1.31 0.60
02-09 16:54:54 2395M    0     0   720M 83.0.0009765625 82.0.0087890625  25 3.3  72   0   0   0 2.29 1.31 0.60
02-09 16:54:55 2460M    0     0   655M    0     0   27 2.0  71   0   0   0 2.29 1.31 0.60
02-09 16:54:56 2353M    0     0   762M 87.0.0048828125 87.0.0048828125  24 4.3  72   0   0   0 2.27 1.33 0.60
02-09 16:54:57 2443M    0     0   672M    0     0   26 2.0  72   0   0   0 2.27 1.33 0.60
02-09 16:54:58 2462M    0     0   653M    0     0   25 3.7  72   0   0   0 2.27 1.33 0.60
02-09 16:54:59 2412M    0     0   703M 77.0.0078125 77.0.005859375  27 3.9  69   0   0   0 2.27 1.33 0.60
02-09 16:55:00 2443M    0     0   672M 36.0.0068359375 36.0.005859375  36 2.0  62   0   0   0 2.27 1.33 0.60
02-09 16:55:01 2507M    0     0   607M    0     0   34 2.9  63   0   0   0 2.33 1.35 0.62
02-09 16:55:02 2394M    0     0   721M 83.0.0068359375 83.0.00390625  33 4.5  63   0   0   0 2.33 1.35 0.62
02-09 16:55:03 2428M    0     0   687M 36.0.0087890625 50.0.0009765625  26 2.6  71   0   0   0 2.33 1.35 0.62
02-09 16:55:04 2408M    0     0   707M 36.0.00390625 36.0.001953125  26 3.0  71   0   0   0 2.33 1.35 0.62
02-09 16:55:05 2437M    0     0   677M 86.0.005859375 86.0.00390625  26 2.4  71   0   0   0 2.33 1.35 0.62
02-09 16:55:06 2463M    0     0   652M    0     0   25 3.6  71   0   0   0 2.30 1.36 0.62
02-09 16:55:07 2421M    0     0   693M 83.0.0029296875 86.0.0078125  25 2.7  72   0   0   0 2.30 1.36 0.62
02-09 16:55:08 2416M    0     0   698M 45.0.001953125 45.0.0009765625  26 2.6  72   0   0   0 2.30 1.36 0.62
02-09 16:55:09 2434M    0     0   681M 35.0.0087890625 35.0.0078125  26 2.8  71   0   0   0 2.30 1.36 0.62
02-09 16:55:10 2387M    0     0   728M 98.0 97.0.0078125  26 2.6  71   0   0   0 2.30 1.36 0.62
02-09 16:55:11 2423M    0     0   692M 36.0.00390625 36.0.00390625  26 2.3  71   0   0   0 2.28 1.37 0.63
02-09 16:55:12 2466M    0     0   648M    0     0   25 3.3  72   0   0   0 2.28 1.37 0.63
02-09 16:55:13 2404M    0     0   710M 78.0.00390625 89.0.0009765625  26 3.1  71   0   0   0 2.28 1.37 0.63
02-09 16:55:14 2395M    0     0   719M 38.0.001953125 38.0.001953125  21 2.3   - 416   0   0 2.28 1.37 0.63
02-09 16:55:15 2396M    0     0   719M    0     0  1.6 0.6 533   -   0   0 2.28 1.37 0.63
02-09 16:55:16 2444M    0     0   671M 35.0.0029296875 38.0.0029296875  26 2.4  72   0   0   0 2.25 1.38 0.64
02-09 16:55:17 2446M    0     0   669M 4171  925  26 2.6  72   0   0   0 2.25 1.38 0.64
02-09 16:55:18 2427M    0     0   687M 1416 1334  25 3.1  72   0   0   0 2.25 1.38 0.64
02-09 16:55:19 2446M    0     0   668M 36.0.0009765625 36.0  27 1.6  72   0   0   0 2.25 1.38 0.64
02-09 16:55:20 2438M    0     0   677M 1399 1317  27 3.7  69   0   0   0 2.25 1.38 0.64
02-09 16:55:21 2452M    0     0   663M 44.0.00390625 44.0.00390625  35 2.5  62   0   0   0 2.31 1.41 0.65
02-09 16:55:22 2487M    0     0   628M    0     0   34 2.6  63   0   0   0 2.31 1.41 0.65
02-09 16:55:23 2407M    0     0   707M 39.0.001953125 50.0.0087890625  32 3.6   - 351   0   0 2.31 1.41 0.65
02-09 16:55:24 2480M    0     0   635M    0     0   34 1.7 350   -   0   0 2.31 1.41 0.65
02-09 16:55:25 2407M    0     0   708M 1399 1317  33 3.7  63   0   0   0 2.31 1.41 0.65
02-09 16:55:26 2426M    0     0   688M 40.0.0078125 40.0.0068359375  26 2.7  72   0   0   0 2.29 1.42 0.66
02-09 16:55:27 2406M    0     0   709M 42.0.0078125 42.0.0068359375  25 2.3  73   0   0   0 2.29 1.42 0.66
02-09 16:55:28 2416M    0     0   698M 1417 1335  26 2.1  71   0   0   0 2.29 1.42 0.66
02-09 16:55:29 2447M    0     0   668M 36.0.0029296875 36.0.0009765625  27 2.0  71   0   0   0 2.29 1.42 0.66
02-09 16:55:30 2384M    0     0   730M 40.0.0048828125 40.0.001953125  26 2.9  72   0   0   0 2.29 1.42 0.66
02-09 16:55:31 2465M    0     0   650M    0     0   26 1.9  72   0   0   0 2.26 1.43 0.66
02-09 16:55:32 2409M    0     0   706M 49.0 49.0.0009765625  24 4.3  71   0   0   0 2.26 1.43 0.66
02-09 16:55:33 2430M    0     0   685M 1937 13.0.001953125  26 2.2  72   0   0   0 2.26 1.43 0.66
02-09 16:55:34 2471M    0     0   644M    0     0   26 2.6  72   0   0   0 2.26 1.43 0.66
02-09 16:55:35 2411M    0     0   704M 48.0.00390625 48.0.001953125  25 4.1  71   0   0   0 2.26 1.43 0.66
02-09 16:55:36 2470M    0     0   645M  788 1004  26 2.4  71   0   0   0 2.24 1.44 0.67
02-09 16:55:37 2436M    0     0   679M 39.0.0078125 39.0.0068359375  24 4.0  71   0   0   0 2.24 1.44 0.67
02-09 16:55:38 2450M    0     0   665M 1417 1335  25 2.3  72   0   0   0 2.24 1.44 0.67
02-09 16:55:39 2425M    0     0   690M 1399 1317  25 2.8  72   0   0   0 2.24 1.44 0.67
02-09 16:55:40 2417M    0     0   698M 1416 1334  26 2.8  72   0   0   0 2.24 1.44 0.67
02-09 16:55:41 2486M    0     0   628M    0     0   27 3.1  70   0   0   0 2.22 1.45 0.68
02-09 16:55:42 2476M    0     0   639M 2178 2360  34 3.2  62   0   0   0 2.22 1.45 0.68
02-09 16:55:43 2428M    0     0   686M 1988 15.0.001953125  31 2.6   - 360   0   0 2.22 1.45 0.68
02-09 16:55:44 2482M    0     0   633M    0     0   32 2.0 361   -   0   0 2.22 1.45 0.68
02-09 16:55:45 2509M    0     0   606M    0     0   33 2.3   - 351   0   0 2.22 1.45 0.68
02-09 16:55:46 2488M    0     0   626M 2806 2642  36 2.0 339   -   0   0 2.29 1.47 0.69
02-09 16:55:47 2470M    0     0   645M    0     0   25 2.8  73   0   0   0 2.29 1.47 0.69
02-09 16:55:48 2358M    0     0   757M 2834 2670  25 3.7  71   0   0   0 2.29 1.47 0.69
02-09 16:55:49 2450M    0     0   664M    0     0   27 1.6  71   0   0   0 2.29 1.47 0.69
02-09 16:55:50 2474M    0     0   640M 84.0 84.0  23 3.8  74   0   0   0 2.29 1.47 0.69
02-09 16:55:51 2404M    0     0   711M 2832 2668  25 3.2  72   0   0   0 2.26 1.48 0.70
02-09 16:55:52 2461M    0     0   654M    0     0   26 2.3  72   0   0   0 2.26 1.48 0.70
02-09 16:55:53 2433M    0     0   682M 2126 14.0.0048828125  25 4.3  71   0   0   0 2.26 1.48 0.70
02-09 16:55:54 2449M    0     0   666M 1417 1335  27 1.7  72   0   0   0 2.26 1.48 0.70
02-09 16:55:55 2443M    0     0   671M 1398 1316  25 3.6  72   0   0   0 2.26 1.48 0.70
02-09 16:55:56 2416M    0     0   699M 1417 1335  26 2.6  72   0   0   0 2.24 1.49 0.70
02-09 16:55:57 2403M    0     0   712M 1397 1315  25 3.6  72   0   0   0 2.24 1.49 0.70
02-09 16:55:58 2457M    0     0   658M    0     0   26 2.7  72   0   0   0 2.24 1.49 0.70
02-09 16:55:59 2449M    0     0   666M 1435 1353  25 3.6  72   0   0   0 2.24 1.49 0.70
02-09 16:56:00 2455M    0     0   659M 1451 1417  26 2.2  72   0   0   0 2.24 1.49 0.70
02-09 16:56:01 2412M    0     0   702M 1417 1335  25 3.3  72   0   0   0 2.22 1.50 0.71
02-09 16:56:02 2415M    0     0   699M 1416 1334  26 3.1  71   0   0   0 2.22 1.50 0.71
02-09 16:56:03 2481M    0     0   633M  624 14.0  35 2.1  63   0   0   0 2.22 1.50 0.71
02-09 16:56:04 2387M    0     0   728M 2798 2634  34 3.2  62   0   0   0 2.22 1.50 0.71
02-09 16:56:05 2475M    0     0   639M    0     0   36 1.5  63   0   0   0 2.22 1.50 0.71
02-09 16:56:06 2502M    0     0   613M    0     0   33 3.0  64   0   0   0 2.28 1.52 0.72
02-09 16:56:07 2430M    0     0   684M 2844 2680  35 2.9  62   0   0   0 2.28 1.52 0.72
02-09 16:56:08 2461M    0     0   654M    0     0   30 2.4   - 369   0   0 2.28 1.52 0.72
02-09 16:56:09 2457M    0     0   657M    0     0   23 4.3 394   -   0   0 2.28 1.52 0.72
02-09 16:56:10 2426M    0     0   688M 2946 2782  26 2.3  71   0   0   0 2.28 1.52 0.72
02-09 16:56:11 2466M    0     0   649M    0     0   25 2.3  73   0   0   0 2.26 1.53 0.73
02-09 16:56:12 2443M    0     0   672M 1399 1317  25 3.4  71   0   0   0 2.26 1.53 0.73
02-09 16:56:13 2451M    0     0   663M 2041 15.0.005859375  26 2.4  72   0   0   0 2.26 1.53 0.73
02-09 16:56:14 2415M    0     0   700M 1406 1324  25 3.0  72   0   0   0 2.26 1.53 0.73
02-09 16:56:15 2422M    0     0   693M 1433 1351  26 2.6  71   0   0   0 2.26 1.53 0.73
02-09 16:56:16 2468M    0     0   646M    0     0   28 4.5  68   0   0   0 2.32 1.55 0.74
02-09 16:56:17 2383M    0     0   731M 2806 2642  25 3.8  71   0   0   0 2.32 1.55 0.74
02-09 16:56:18 2465M    0     0   649M    0     0   26 2.0  72   0   0   0 2.32 1.55 0.74
02-09 16:56:19 2466M    0     0   649M    0     0   24 3.2  73   0   0   0 2.32 1.55 0.74
02-09 16:56:20 2424M    0     0   690M 2834 2670  26 2.7  71   0   0   0 2.32 1.55 0.74
02-09 16:56:21 2460M    0     0   655M    0     0   25 2.5  72   0   0   0 2.29 1.56 0.75
02-09 16:56:22 2435M    0     0   680M 1416 1334  25 3.6  72   0   0   0 2.29 1.56 0.75
02-09 16:56:23 2448M    0     0   667M 2058 15.0.0078125  26 2.0  72   0   0   0 2.29 1.56 0.75
02-09 16:56:24 2446M    0     0   668M 1399 1317  34 3.8  63   0   0   0 2.29 1.56 0.75
02-09 16:56:25 2468M    0     0   646M 1411 1329  35 2.9  62   0   0   0 2.29 1.56 0.75
02-09 16:56:26 2497M    0     0   617M    0     0   34 2.7  63   0   0   0 2.35 1.59 0.76
02-09 16:56:27 2430M    0     0   685M 2815 2651  34 3.1  63   0   0   0 2.35 1.59 0.76
02-09 16:56:28 2460M    0     0   655M    0     0   29 2.6  68   0   0   0 2.35 1.59 0.76
02-09 16:56:29 2435M    0     0   680M 1398 1316  26 2.9  72   0   0   0 2.35 1.59 0.76
02-09 16:56:30 2423M    0     0   691M 1416 1334  26 2.7  71   0   0   0 2.35 1.59 0.76
02-09 16:56:31 2414M    0     0   701M 1399 1317  26 2.7  71   0   0   0 2.32 1.59 0.76
02-09 16:56:32 2409M    0     0   706M 1398 1316  26 2.6  71   0   0   0 2.32 1.59 0.76
02-09 16:56:33 2456M    0     0   659M  364 11.0.0087890625  26 2.6  71   0   0   0 2.32 1.59 0.76
02-09 16:56:34 2437M    0     0   678M 1677 2466  25 3.3  71   0   0   0 2.32 1.59 0.76
02-09 16:56:35 2452M    0     0   662M 1399 1317  26 2.3  72   0   0   0 2.32 1.59 0.76
02-09 16:56:36 2459M    0     0   655M    0     0   25 3.1  72   0   0   0 2.30 1.60 0.77
02-09 16:56:37 2434M    0     0   681M 2816 2652  26 2.9  71   0   0   0 2.30 1.60 0.77
02-09 16:56:38 2467M    0     0   647M    0     0   25 2.7  72   0   0   0 2.30 1.60 0.77
02-09 16:56:39 2381M    0     0   734M 2833 2669  25 3.6  71   0   0   0 2.30 1.60 0.77
02-09 16:56:40 2460M    0     0   654M    0     0   27 1.4  72   0   0   0 2.30 1.60 0.77
02-09 16:56:41 2406M    0     0   709M 1399 1317  24 3.9  72   0   0   0 2.27 1.60 0.78
02-09 16:56:42 2439M    0     0   676M 2189 2371  26 2.4  71   0   0   0 2.27 1.60 0.78
02-09 16:56:43 2472M    0     0   643M    0     0   22 2.7  75   0   0   0 2.27 1.60 0.78
02-09 16:56:44 2398M    0     0   716M 3491 16.0.0087890625  25 4.3  71   0   0   0 2.27 1.60 0.78
02-09 16:56:45 2489M    0     0   626M    0     0   33 2.4  64   0   0   0 2.27 1.60 0.78
02-09 16:56:46 2457M    0     0   657M 1398 1316  34 2.9  63   0   0   0 2.33 1.63 0.79
02-09 16:56:47 2466M    0     0   649M 1421 1339  35 2.5   - 341   0   0 2.33 1.63 0.79
02-09 16:56:48 2460M    0     0   654M 1399 1317  33 2.6 353   -   0   0 2.33 1.63 0.79
02-09 16:56:49 2403M    0     0   712M 2183 2365  29 3.8  67   0   0   0 2.33 1.63 0.79
02-09 16:56:50 2451M    0     0   663M    0     0   26 2.6  71   0   0   0 2.33 1.63 0.79
02-09 16:56:51 2450M    0     0   664M 1417 1335  25 3.2  72   0   0   0 2.30 1.63 0.80
02-09 16:56:52 2425M    0     0   689M 1434 1352  25 2.7  72   0   0   0 2.30 1.63 0.80
02-09 16:56:53 2403M    0     0   711M 1415 1333  25 2.7  72   0   0   0 2.30 1.63 0.80
02-09 16:56:54 2457M    0     0   658M  676 15.0.0078125  26 2.7  71   0   0   0 2.30 1.63 0.80
02-09 16:56:55 2406M    0     0   709M 2846 2682  26 2.6  72   0   0   0 2.30 1.63 0.80
02-09 16:56:56 2471M    0     0   643M    0     0   26 2.4  72   0   0   0 2.28 1.64 0.80
02-09 16:56:57 2416M    0     0   698M 1417 1335  24 3.7  72   0   0   0 2.28 1.64 0.80
02-09 16:56:58 2436M    0     0   678M 1433 1351  26 2.3  72   0   0   0 2.28 1.64 0.80
02-09 16:56:59 2461M    0     0   653M    0     0   26 3.1  71   0   0   0 2.28 1.64 0.80
02-09 16:57:00 2417M    0     0   698M 2868 2752  25 3.6  71   0   0   0 2.28 1.64 0.80
02-09 16:57:01 2469M    0     0   645M    0     0   26 2.2  72   0   0   0 2.26 1.65 0.81
02-09 16:57:02 2417M    0     0   698M 1417 1335  25 3.9  71   0   0   0 2.26 1.65 0.81
02-09 16:57:03 2443M    0     0   672M 1416 1334  26 2.3  71   0   0   0 2.26 1.65 0.81
02-09 16:57:04 2471M    0     0   644M  572 13.0.0029296875  24 3.3  72   0   0   0 2.26 1.65 0.81
02-09 16:57:05 2424M    0     0   691M 2833 2669  26 3.1  71   0   0   0 2.26 1.65 0.81
02-09 16:57:06 2432M    0     0   683M 1412 1330  32 2.0  66   0   0   0 2.24 1.65 0.81
02-09 16:57:07 2430M    0     0   684M 1400 1318  34 3.5  62   0   0   0 2.24 1.65 0.81
02-09 16:57:08 2487M    0     0   628M    0     0   35 2.3  63   0   0   0 2.24 1.65 0.81
02-09 16:57:09 2468M    0     0   647M 1406 1324  33 3.1  64   0   0   0 2.24 1.65 0.81
02-09 16:57:10 2434M    0     0   680M 1436 1354  34 3.3  63   0   0   0 2.24 1.65 0.81
02-09 16:57:11 2470M    0     0   645M    0     0   25 2.9  72   0   0   0 2.22 1.66 0.82
02-09 16:57:12 2455M    0     0   660M 1425 1343  26 2.6  72   0   0   0 2.22 1.66 0.82
02-09 16:57:13 2461M    0     0   654M 1416 1334  26 2.6  71   0   0   0 2.22 1.66 0.82
02-09 16:57:14 2408M    0     0   706M 2041 14.0.0068359375  25 3.9  71   0   0   0 2.22 1.66 0.82
02-09 16:57:15 2399M    0     0   715M 1415 1333  26 3.0  71   0   0   0 2.22 1.66 0.82
02-09 16:57:16 2467M    0     0   648M    0     0   25 2.3  72   0   0   0 2.20 1.66 0.83
02-09 16:57:17 2430M    0     0   685M 1416 1334  26 2.7  72   0   0   0 2.20 1.66 0.83
02-09 16:57:18 2450M    0     0   664M 1399 1317  27 1.6  71   0   0   0 2.20 1.66 0.83
02-09 16:57:19 2414M    0     0   700M 1400 1318  24 3.8  72   0   0   0 2.20 1.66 0.83
02-09 16:57:20 2424M    0     0   691M 1417 1335  26 2.6  71   0   0   0 2.20 1.66 0.83
02-09 16:57:21 2467M    0     0   648M    0     0   25 2.9   - 391   0   0 2.18 1.67 0.83
02-09 16:57:22 2444M    0     0   671M 1406 1324  24 4.4 388   -   0   0 2.18 1.67 0.83
02-09 16:57:23 2451M    0     0   664M 1417 1335  26 2.3  72   0   0   0 2.18 1.67 0.83
02-09 16:57:24 2470M    0     0   645M  624 14.0.00390625  26 2.6  72   0   0   0 2.18 1.67 0.83
02-09 16:57:25 2401M    0     0   714M 2806 2642  26 2.3  71   0   0   0 2.18 1.67 0.83
02-09 16:57:26 2465M    0     0   650M    0     0   27 2.0  71   0   0   0 2.17 1.67 0.84
02-09 16:57:27 2435M    0     0   679M 1487 1405  25 3.1  72   0   0   0 2.17 1.67 0.84
02-09 16:57:28 2472M    0     0   642M 2239 2425  31 2.7  67   0   0   0 2.17 1.67 0.84
02-09 16:57:29 2499M    0     0   615M    0     0   35 2.6  62   0   0   0 2.17 1.67 0.84
02-09 16:57:30 2443M    0     0   671M 2816 2652  35 2.8  63   0   0   0 2.17 1.67 0.84
02-09 16:57:31 2498M    0     0   617M    0     0   35 2.6  63   0   0   0 2.23 1.69 0.85
02-09 16:57:32 2459M    0     0   656M 1417 1335  33 3.2  63   0   0   0 2.23 1.69 0.85
02-09 16:57:33 2453M    0     0   662M 1415 1333  28 2.9  69   0   0   0 2.23 1.69 0.85
02-09 16:57:34 2474M    0     0   640M  676 14.0.0029296875  26 3.4  71   0   0   0 2.23 1.69 0.85
02-09 16:57:35 2432M    0     0   683M 2805 2641  26 2.8  71   0   0   0 2.23 1.69 0.85
02-09 16:57:36 2465M    0     0   649M    0     0   26 2.7  72   0   0   0 2.22 1.70 0.86
02-09 16:57:37 2364M    0     0   751M 2823 2659  25 3.7  71   0   0   0 2.22 1.70 0.86
02-09 16:57:38 2454M    0     0   661M    0     0   27 1.6  71   0   0   0 2.22 1.70 0.86
02-09 16:57:39 2408M    0     0   707M 1399 1317  25 3.8  71   0   0   0 2.22 1.70 0.86
02-09 16:57:40 2429M    0     0   686M 1417 1335  26 2.3  71   0   0   0 2.22 1.70 0.86
02-09 16:57:41 2475M    0     0   640M    0     0   26 2.6  72   0   0   0 2.20 1.70 0.86
02-09 16:57:42 2427M    0     0   687M 2189 2371  25 4.0  71   0   0   0 2.20 1.70 0.86
02-09 16:57:43 2453M    0     0   661M 1410 1328  27 2.0  71   0   0   0 2.20 1.70 0.86
02-09 16:57:44 2464M    0     0   650M  676 14.0.00390625  24 3.5  72   0   0   0 2.20 1.70 0.86
02-09 16:57:45 2414M    0     0   701M 2828 2664  26 2.8  71   0   0   0 2.20 1.70 0.86
02-09 16:57:46 2471M    0     0   644M    0     0   27 2.0  71   0   0   0 2.18 1.71 0.87
02-09 16:57:47 2422M    0     0   693M 1417 1335  27 1.6  72   0   0   0 2.18 1.71 0.87
02-09 16:57:48 2470M    0     0   644M    0     0   27 1.4  72   0   0   0 2.18 1.71 0.87
02-09 16:57:49 2506M    0     0   608M    0     0   28 2.6  69   0   0   0 2.18 1.71 0.87
02-09 16:57:50 2473M    0     0   641M 1416 1334  35 1.9  63   0   0   0 2.18 1.71 0.87
02-09 16:57:51 2526M    0     0   589M    0     0   35 1.6   - 345   0   0 2.33 1.75 0.88
02-09 16:57:52 2402M    0     0   712M 2833 2669  32 4.5 342   -   0   0 2.33 1.75 0.88
02-09 16:57:53 2471M    0     0   644M    0     0   27 1.7  72   0   0   0 2.33 1.75 0.88
02-09 16:57:54 2362M    0     0   753M 1918 12.0.0087890625  25 4.0  71   0   0   0 2.33 1.75 0.88
02-09 16:57:55 2450M    0     0   664M 1417  908  27 2.0  71   0   0   0 2.33 1.75 0.88
02-09 16:57:56 2502M    0     0   613M  631  713  28 3.4  69   0   0   0 2.30 1.75 0.89
02-09 16:57:57 2418M    0     0   697M 2974 3060  28 3.1  69   0   0   0 2.30 1.75 0.89
02-09 16:57:58 2467M    0     0   648M    0     0   26 2.1  72   0   0   0 2.30 1.75 0.89
02-09 16:57:59 2450M    0     0   665M 1399 1317  25 3.2  72   0   0   0 2.30 1.75 0.89
02-09 16:58:00 2451M    0     0   664M 1469 1435  26 2.0  72   0   0   0 2.30 1.75 0.89
02-09 16:58:01 2467M    0     0   647M    0     0   26 1.7  72   0   0   0 2.28 1.75 0.90
02-09 16:58:02 2432M    0     0   682M 1416 1334  26 2.3  72   0   0   0 2.28 1.75 0.90
02-09 16:58:03 2442M    0     0   672M 1414 1332  26 2.6  71   0   0   0 2.28 1.75 0.90
02-09 16:58:04 2421M    0     0   694M 2074 15.0.005859375  25 3.4  71   0   0   0 2.28 1.75 0.90
02-09 16:58:05 2427M    0     0   688M 1398 1316  27 1.6  72   0   0   0 2.28 1.75 0.90
02-09 16:58:06 2421M    0     0   694M 1397 1315  26 2.7  71   0   0   0 2.25 1.76 0.90
02-09 16:58:07 2444M    0     0   670M 1412 1330  27 1.9  71   0   0   0 2.25 1.76 0.90
02-09 16:58:08 2410M    0     0   705M 1398 1316  25 3.2  72   0   0   0 2.25 1.76 0.90
02-09 16:58:09 2409M    0     0   705M 1417 1335  25 3.3  71   0   0   0 2.25 1.76 0.90
02-09 16:58:10 2460M    0     0   654M    0     0   26 2.7  72   0   0   0 2.25 1.76 0.90
02-09 16:58:11 2478M    0     0   637M 1399 1317  36 2.5  61   0   0   0 2.31 1.78 0.91
02-09 16:58:12 2426M    0     0   688M 2847 2683  35 2.3  63   0   0   0 2.31 1.78 0.91
02-09 16:58:13 2492M    0     0   623M    0     0   36 1.5  63   0   0   0 2.31 1.78 0.91
02-09 16:58:14 2502M    0     0   613M  780 13.0.00390625  35 3.0  62   0   0   0 2.31 1.78 0.91
02-09 16:58:15 2420M    0     0   694M 2848 2684  29 3.3  68   0   0   0 2.31 1.78 0.91
02-09 16:58:16 2476M    0     0   639M    0     0   27 1.1  72   0   0   0 2.29 1.78 0.92
02-09 16:58:17 2432M    0     0   683M 1732 2348  25 3.0  72   0   0   0 2.29 1.78 0.92
02-09 16:58:18 2473M    0     0   641M    0     0   28 1.1  71   0   0   0 2.29 1.78 0.92
02-09 16:58:19 2427M    0     0   688M 1399 1317  26 2.6  72   0   0   0 2.29 1.78 0.92
02-09 16:58:20 2480M    0     0   635M    0     0   27 1.4  71   0   0   0 2.29 1.78 0.92
02-09 16:58:21 2453M    0     0   662M 1416 1334  26 2.4  71   0   0   0 2.26 1.79 0.92
02-09 16:58:22 2452M    0     0   663M 1434 1352  26 3.0  71   0   0   0 2.26 1.79 0.92
02-09 16:58:23 2451M    0     0   663M 1398 1316  25 3.3  72   0   0   0 2.26 1.79 0.92
02-09 16:58:24 2403M    0     0   711M 2125 13.0.0087890625  25 3.7  71   0   0   0 2.26 1.79 0.92
02-09 16:58:25 2428M    0     0   686M 1671 2597  27 1.9  72   0   0   0 2.26 1.79 0.92
02-09 16:58:26 2428M    0     0   687M 2252 2527  26 2.7  71   0   0   0 2.24 1.79 0.93
02-09 16:58:27 2430M    0     0   685M 1399 1317  26 2.2  72   0   0   0 2.24 1.79 0.93
02-09 16:58:28 2467M    0     0   648M    0     0   26 2.4  72   0   0   0 2.24 1.79 0.93
02-09 16:58:29 2450M    0     0   664M 1417 1335  25 3.3  71   0   0   0 2.24 1.79 0.93
02-09 16:58:30 2459M    0     0   656M 1435 1353  26 2.4  71   0   0   0 2.24 1.79 0.93
02-09 16:58:31 2419M    0     0   696M 1415 1333  25 3.2  72   0   0   0 2.22 1.79 0.93
02-09 16:58:32 2430M    0     0   685M 1501 1387  33 3.0  64   0   0   0 2.22 1.79 0.93
02-09 16:58:33 2491M    0     0   623M  376  384  35 3.0  62   0   0   0 2.22 1.79 0.93
02-09 16:58:34 2490M    0     0   625M 2567 16.0.00390625  35 2.4  63   0   0   0 2.22 1.79 0.93
02-09 16:58:35 2487M    0     0   628M 2267 1821  33 1.7  66   0   0   0 2.22 1.79 0.93
02-09 16:58:36 2518M    0     0   596M  240 1180  36 1.9  62   0   0   0 2.29 1.81 0.94
02-09 16:58:37 2469M    0     0   646M 1605 2367  36 1.9  62   0   0   0 2.29 1.81 0.94
02-09 16:58:38 2477M    0     0   638M  428 1220  32 1.2  67   0   0   0 2.29 1.81 0.94
02-09 16:58:39 2482M    0     0   632M  356  200  26 2.8  71   0   0   0 2.29 1.81 0.94
02-09 16:58:40 2458M    0     0   656M 1741 1635  27 1.4   - 390   0   0 2.29 1.81 0.94
02-09 16:58:41 2450M    0     0   665M 1553 1435  26 2.7 386   -   0   0 2.26 1.82 0.95
02-09 16:58:42 2452M    0     0   663M 2624 2702  25 2.6  72   0   0   0 2.26 1.82 0.95
02-09 16:58:43 2477M    0     0   638M 1280 1176  25 3.4  71   0   0   0 2.26 1.82 0.95
02-09 16:58:44 2418M    0     0   697M 3522 13.0.0078125  26 3.0  71   0   0   0 2.26 1.82 0.95
02-09 16:58:45 2478M    0     0   636M 84.0 52.0  26 2.3  72   0   0   0 2.26 1.82 0.95
02-09 16:58:46 2483M    0     0   632M 1638 2212  25 3.4  71   0   0   0 2.24 1.82 0.96
02-09 16:58:47 2448M    0     0   667M 1689 2119  26 2.9  71   0   0   0 2.24 1.82 0.96
02-09 16:58:48 2439M    0     0   675M 1555 1617  26 2.7  72   0   0   0 2.24 1.82 0.96
02-09 16:58:49 2411M    0     0   703M 1623 1701  25 3.4  72   0   0   0 2.24 1.82 0.96
02-09 16:58:50 2463M    0     0   651M  156  284  25 3.4  71   0   0   0 2.24 1.82 0.96
02-09 16:58:51 2452M    0     0   663M 1522 1620  24 3.1  73   0   0   0 2.22 1.82 0.96
02-09 16:58:52 2454M    0     0   661M 1555 1501  26 2.4  72   0   0   0 2.22 1.82 0.96
02-09 16:58:53 2446M    0     0   668M 1780 1922  32 4.1  64   0   0   0 2.22 1.82 0.96
02-09 16:58:54 2494M    0     0   621M  780 14.0.00390625  35 2.5  63   0   0   0 2.22 1.82 0.96
02-09 16:58:55 2486M    0     0   629M 1573 1619  33 2.7  64   0   0   0 2.22 1.82 0.96
02-09 16:58:56 2484M    0     0   631M 1521 1619  34 2.7  64   0   0   0 2.28 1.84 0.97
02-09 16:58:57 2507M    0     0   608M  156  200  36 1.0  63   0   0   0 2.28 1.84 0.97
02-09 16:58:58 2452M    0     0   662M 1625 1787  35 2.9  62   0   0   0 2.28 1.84 0.97
02-09 16:58:59 2483M    0     0   632M 1521 1435  36 1.6  62   0   0   0 2.28 1.84 0.97
02-09 16:59:00 2452M    0     0   662M 1601 1711  34 3.5  62   0   0   0 2.28 1.84 0.97
02-09 16:59:01 2447M    0     0   667M 1573 1635  35 2.2  62   0   0   0 2.34 1.86 0.98
02-09 16:59:02 2497M    0     0   618M  156  300  35 2.4  62   0   0   0 2.34 1.86 0.98
02-09 16:59:03 2454M    0     0   660M 2997 2945  35 2.6  63   0   0   0 2.34 1.86 0.98
02-09 16:59:04 2508M    0     0   606M  728 13.0.0048828125  35 2.4  63   0   0   0 2.34 1.86 0.98
02-09 16:59:05 2484M    0     0   630M 1568 1614  35 2.5  62   0   0   0 2.34 1.86 0.98
02-09 16:59:06 2497M    0     0   617M 1521 1519  35 2.1  62   0   0   0 2.39 1.88 0.99
02-09 16:59:07 2471M    0     0   644M 1624 1802  34 2.9  63   0   0   0 2.39 1.88 0.99
02-09 16:59:08 2420M    0     0   695M 1510 1408  32 3.3  64   0   0   0 2.39 1.88 0.99
02-09 16:59:09 2413M    0     0   701M 1554 1616  26 2.6   - 389   0   0 2.39 1.88 0.99
02-09 16:59:10 2467M    0     0   648M 52.0  100  27 1.7 388   -   0   0 2.39 1.88 0.99
02-09 16:59:11 2484M    0     0   630M  208  384  26 2.0  72   0   0   0 2.36 1.88 1.00
02-09 16:59:12 2453M    0     0   662M 1521 1519  27 2.0  71   0   0   0 2.36 1.88 1.00
02-09 16:59:13 2480M    0     0   635M  104  200  26 2.0  72   0   0   0 2.36 1.88 1.00
02-09 16:59:14 2504M    0     0   610M  728 10.0.005859375  27 2.8  70   0   0   0 2.36 1.88 1.00
02-09 16:59:15 2454M    0     0   661M 2874 2858  35 2.8  63   0   0   0 2.36 1.88 1.00
02-09 16:59:16 2513M    0     0   602M  156  284  35 2.2  63   0   0   0 2.41 1.90 1.01
02-09 16:59:17 2426M    0     0   688M 3024 3020  35 2.9  63   0   0   0 2.41 1.90 1.01
02-09 16:59:18 2499M    0     0   615M  156  200  35 2.7  62   0   0   0 2.41 1.90 1.01
02-09 16:59:19 2476M    0     0   639M 1503 1685  33 3.0  64   0   0   0 2.41 1.90 1.01
02-09 16:59:20 2481M    0     0   634M 1574 1620  35 2.8  63   0   0   0 2.41 1.90 1.01
02-09 16:59:21 2510M    0     0   605M  156  284  35 2.0  63   0   0   0 2.46 1.92 1.02
02-09 16:59:22 2493M    0     0   622M 1572 1618  35 2.5  62   0   0   0 2.46 1.92 1.02
02-09 16:59:23 2452M    0     0   662M 1573 1703  35 2.6  63   0   0   0 2.46 1.92 1.02
02-09 16:59:24 2477M    0     0   637M 2178 15.0.005859375  36 2.1  62   0   0   0 2.46 1.92 1.02
02-09 16:59:25 2513M    0     0   601M 52.0  384  34 2.4  63   0   0   0 2.46 1.92 1.02
02-09 16:59:26 2445M    0     0   669M 2913 2913  35 2.6  62   0   0   0 2.50 1.93 1.03
02-09 16:59:27 2511M    0     0   604M    0   200  35 2.0  63   0   0   0 2.50 1.93 1.03
02-09 16:59:28 2508M    0     0   607M  480  844  34 3.5  62   0   0   0 2.50 1.93 1.03
02-09 16:59:29 2477M    0     0   638M 2880 2764  36 1.8  63   0   0   0 2.50 1.93 1.03
02-09 16:59:30 2510M    0     0   605M  104  468  35 3.0  62   0   0   0 2.50 1.93 1.03
02-09 16:59:31 2335M    0     0   780M 2181 1985  29 2.3  69   0   0   0 2.46 1.94 1.03
02-09 16:59:32 2333M    0     0   782M 52.0  100  19 1.4  80   0   0   0 2.46 1.94 1.03
02-09 16:59:33 2332M    0     0   783M  208  384  15 2.2  83   0   0   0 2.46 1.94 1.03
02-09 16:59:34 2313M    0     0   802M 2093 15.0.0029296875  15 1.5  83   0   0   0 2.46 1.94 1.03
02-09 16:59:35 2354M    0     0   761M  104  248  17 1.9  81   0   0   0 2.46 1.94 1.03
02-09 16:59:36 2308M    0     0   806M 1520 1502  28 2.2  70   0   0   0 2.42 1.94 1.04
02-09 16:59:37 2351M    0     0   764M 52.0  100  28 0.9  71   0   0   0 2.42 1.94 1.04
02-09 16:59:38 2307M    0     0   808M 1554 1616  25 2.9  72   0   0   0 2.42 1.94 1.04
02-09 16:59:39 2367M    0     0   748M 52.0  100  26 1.7  72   0   0   0 2.42 1.94 1.04
02-09 16:59:40 2334M    0     0   780M  156  300  15 2.3  83   0   0   0 2.42 1.94 1.04
02-09 16:59:41 2313M    0     0   801M 1451 1417  15 1.7  83   0   0   0 2.31 1.92 1.04
02-09 16:59:42 2337M    0     0   778M  104  300  15 1.7  83   0   0   0 2.31 1.92 1.04
02-09 16:59:43 2290M    0     0   824M 2360 2538  15 2.3  83   0   0   0 2.31 1.92 1.04
02-09 16:59:44 2326M    0     0   789M  416 7356  15 1.0  84   0   0   0 2.31 1.92 1.04
02-09 16:59:45 2276M    0     0   838M 1551 1613  15 2.0  83   0   0   0 2.31 1.92 1.04
02-09 16:59:46 2322M    0     0   792M 52.0  100  16 0.8  83   0   0   0 2.21 1.91 1.04
02-09 16:59:47 2267M    0     0   847M 1555 1617  15 2.0  83   0   0   0 2.21 1.91 1.04
02-09 16:59:48 2317M    0     0   798M    0     0   16 1.3  83   0   0   0 2.21 1.91 1.04
02-09 16:59:49 2295M    0     0   820M 1533 1547  15 2.0  83   0   0   0 2.21 1.91 1.04
02-09 16:59:50 2337M    0     0   778M 52.0  100  16 1.2  83   0   0   0 2.21 1.91 1.04
02-09 16:59:51 2185M    0     0   930M  712  850  11 1.7  87   0   0   0 2.11 1.89 1.04
02-09 16:59:52 2185M    0     0   930M 52.0  100   0   0 100   0   0   0 2.11 1.89 1.04
02-09 16:59:53 2185M    0     0   930M  104  232 7.6 1.5  91   0   0   0 2.11 1.89 1.04
02-09 16:59:54 2185M    0     0   930M  312 5875   0 0.4 100   0   0   0 2.11 1.89 1.04
02-09 16:59:55 2185M    0     0   930M 52.0  100   0   0 100   0   0   0 2.11 1.89 1.04
02-09 16:59:56 2185M    0     0   930M 52.0  100 0.2 0.6  99   0   0   0 1.94 1.86 1.03
02-09 16:59:57 2211M    0     0   904M  104  232  14 1.4  85   0   0   0 1.94 1.86 1.03
02-09 16:59:58 2211M    0     0   904M 52.0  100  17 0.2  83   0   0   0 1.94 1.86 1.03
02-09 16:59:59 2213M    0     0   901M 52.0  100  16 0.7  84   0   0   0 1.94 1.86 1.03
02-09 17:00:00 2216M    0     0   898M  104  200  15 0.5  85   0   0   0 1.94 1.86 1.03
02-09 17:00:01 2185M    0     0   930M 52.0  100  11 1.2  88   0   0   0 1.86 1.84 1.03
02-09 17:00:02 2185M    0     0   930M 52.0  100 0.2 0.2 100   0   0   0 1.86 1.84 1.03
02-09 17:00:03 2185M    0     0   930M 52.0  100 0.2 0.2 100   0   0   0 1.86 1.84 1.03
02-09 17:00:04 2185M    0     0   930M 52.0  100   0   0 100   0   0   0 1.86 1.84 1.03
02-09 17:00:05 2185M    0     0   930M 52.0  100   0 0.4 100   0   0   0 1.86 1.84 1.03
02-09 17:00:06 2185M    0     0   930M 52.0  100   0 0.2 100   0   0   0 1.71 1.81 1.03
02-09 17:00:07 2185M    0     0   930M 52.0  100   0   0 100   0   0   0 1.71 1.81 1.03
02-09 17:00:08 2185M    0     0   930M 52.0  100 0.2 0.2 100   0   0   0 1.71 1.81 1.03
02-09 17:00:09 2185M    0     0   930M 52.0  100 0.2 0.4  99   0   0   0 1.71 1.81 1.03
02-09 17:00:10 2185M    0     0   930M 52.0  100   0   0 100   0   0   0 1.71 1.81 1.03
02-09 17:00:11 2185M    0     0   930M 52.0  100 0.2   0 100   0   0   0 1.58 1.78 1.02
02-09 17:00:12 2185M    0     0   930M 52.0  100 0.2   0 100   0   0   0 1.58 1.78 1.02
02-09 17:00:13 2185M    0     0   930M 52.0  100   0   0 100   0   0   0 1.58 1.78 1.02
02-09 17:00:14 2185M    0     0   930M 52.0  100   0 0.4 100   0   0   0 1.58 1.78 1.02
02-09 17:00:15 2185M    0     0   930M 52.0  100   0 0.2 100   0   0   0 1.58 1.78 1.02
02-09 17:00:16 2185M    0     0   930M 52.0  100 0.2   0 100   0   0   0 1.45 1.75 1.01
02-09 17:00:17 2185M    0     0   930M 52.0  100   0 0.4 100   0   0   0 1.45 1.75 1.01
02-09 17:00:18 2211M    0     0   904M 52.0  148  11 0.9  88   0   0   0 1.45 1.75 1.01
02-09 17:00:19 2211M    0     0   904M 52.0  100  17 0.3  83   0   0   0 1.45 1.75 1.01
02-09 17:00:20 2213M    0     0   901M 52.0  100  18 1.0  81   0   0   0 1.45 1.75 1.01
02-09 17:00:21 2222M    0     0   893M 52.0  100  15 0.2  85   0   0   0 1.41 1.74 1.01
02-09 17:00:22 2228M    0     0   887M 52.0  100  16 0.2  84   0   0   0 1.41 1.74 1.01
02-09 17:00:23 2185M    0     0   930M 52.0  100  10 1.1  89   0   0   0 1.41 1.74 1.01
02-09 17:00:24 2185M    0     0   930M 52.0  100   0 0.2 100   0   0   0 1.41 1.74 1.01
02-09 17:00:25 2185M    0     0   930M 52.0  100 0.2 0.2 100   0   0   0 1.41 1.74 1.01
02-09 17:00:26 2185M    0     0   930M 52.0  100   0 0.4 100   0   0   0 1.30 1.71 1.01
02-09 17:00:27 2185M    0     0   930M 52.0  100   0   0 100   0   0   0 1.30 1.71 1.01
02-09 17:00:28 2185M    0     0   930M 52.0  100 0.2   0 100   0   0   0 1.30 1.71 1.01
02-09 17:00:29 2185M    0     0   930M 52.0  100 0.2 0.4  99   0   0   0 1.30 1.71 1.01
02-09 17:00:30 2185M    0     0   930M 52.0  100   0   0 100   0   0   0 1.30 1.71 1.01
02-09 17:00:31 2185M    0     0   930M 52.0  100 0.2   0 100   0   0   0 1.20 1.68 1.00
02-09 17:00:32 2185M    0     0   930M  824 1152   0 0.4 100   0   0   0 1.20 1.68 1.00
02-09 17:00:33 2185M    0     0   930M 52.0  100 0.2   0 100   0   0   0 1.20 1.68 1.00
02-09 17:00:34 2185M    0     0   930M 52.0  100   0 0.4 100   0   0   0 1.20 1.68 1.00
02-09 17:00:35 2185M    0     0   930M 52.0  100 0.2 0.2 100   0   0   0 1.20 1.68 1.00
02-09 17:00:36 2185M    0     0   930M  824 1104 0.2 0.2 100   0   0   0 1.10 1.65 1.00
02-09 17:00:37 2185M    0     0   930M 52.0  100   0 0.4 100   0   0   0 1.10 1.65 1.00
02-09 17:00:38 2185M    0     0   930M 52.0  100 0.2 0.4  99   0   0   0 1.10 1.65 1.00
02-09 17:00:39 2211M    0     0   904M 52.0  148 6.6 1.1  92   0   0   0 1.10 1.65 1.00
02-09 17:00:40 2211M    0     0   904M 52.0  100  16 0.5  83   0   0   0 1.10 1.65 1.00
02-09 17:00:41 2211M    0     0   904M 52.0  100  17 0.5  83   0   0   0 1.09 1.64 1.00
02-09 17:00:42 2215M    0     0   900M 52.0  100  17 0.2   - 452   0   0 1.09 1.64 1.00
02-09 17:00:43 2215M    0     0   900M 52.0  100  15 0.5 460   -   0   0 1.09 1.64 1.00
02-09 17:00:44 2185M    0     0   930M 52.0  100  13 1.7  86   0   0   0 1.09 1.64 1.00
02-09 17:00:45 2185M    0     0   930M 52.0  100   0   0 100   0   0   0 1.09 1.64 1.00
02-09 17:00:46 2185M    0     0   930M 52.0  100   0 0.4 100   0   0   0 1.08 1.63 1.00
02-09 17:00:47 2185M    0     0   930M 52.0  100 0.2   0 100   0   0   0 1.08 1.63 1.00
02-09 17:00:48 2185M    0     0   930M 52.0  100   0   0 100   0   0   0 1.08 1.63 1.00
02-09 17:00:49 2185M    0     0   930M 52.0  100   0 0.4 100   0   0   0 1.08 1.63 1.00
02-09 17:00:50 2185M    0     0   930M 52.0  100 0.2 0.2 100   0   0   0 1.08 1.63 1.00
02-09 17:00:51 2185M    0     0   930M 52.0  100   0   0 100   0   0   0 1.00 1.60 0.99
02-09 17:00:52 2185M    0     0   930M 52.0  100   0 0.4 100   0   0   0 1.00 1.60 0.99
02-09 17:00:53 2185M    0     0   930M 52.0  100 0.2   0 100   0   0   0 1.00 1.60 0.99
02-09 17:00:54 2185M    0     0   930M 52.0  100   0   0 100   0   0   0 1.00 1.60 0.99
02-09 17:00:55 2185M    0     0   930M 52.0  100 0.2 0.2 100   0   0   0 1.00 1.60 0.99
02-09 17:00:56 2185M    0     0   930M 52.0  100 0.2 0.4  99   0   0   0 0.92 1.58 0.99
02-09 17:00:57 2185M    0     0   930M 52.0  100   0   0 100   0   0   0 0.92 1.58 0.99
02-09 17:00:58 2185M    0     0   930M 52.0  100   0 0.2 100   0   0   0 0.92 1.58 0.99
02-09 17:00:59 2185M    0     0   930M 52.0  100   0   0 100   0   0   0 0.92 1.58 0.99
02-09 17:01:00 2206M    0     0   909M  104  248 3.1 0.6  96   0   0   0 0.92 1.58 0.99
02-09 17:01:01 2211M    0     0   904M    0     0   18 0.5  82   0   0   0 0.92 1.57 0.99
02-09 17:01:02 2213M    0     0   902M 52.0  100  14 0.2  86   0   0   0 0.92 1.57 0.99
02-09 17:01:03 2185M    0     0   930M 52.0  100  14 1.3  84   0   0   0 0.92 1.57 0.99
02-09 17:01:04 2185M    0     0   930M 52.0  100 0.2 0.4  99   0   0   0 0.92 1.57 0.99
02-09 17:01:05 2185M    0     0   930M 52.0  100   0   0 100   0   0   0 0.92 1.57 0.99
02-09 17:01:06 2185M    0     0   930M 52.0  100 0.2 0.2 100   0   0   0 0.85 1.54 0.98
02-09 17:01:07 2185M    0     0   930M 52.0  100 0.2 0.2 100   0   0   0 0.85 1.54 0.98
02-09 17:01:08 2185M    0     0   930M 52.0  100   0   0 100   0   0   0 0.85 1.54 0.98
02-09 17:01:09 2185M    0     0   930M 52.0  100 0.6 0.4  99   0   0   0 0.85 1.54 0.98
02-09 17:01:10 2185M    0     0   930M 52.0  100   0 0.2 100   0   0   0 0.85 1.54 0.98
02-09 17:01:11 2185M    0     0   930M 52.0  100 0.2   0 100   0   0   0 0.78 1.52 0.97
02-09 17:01:12 2185M    0     0   930M 52.0  100   0 0.4 100   0   0   0 0.78 1.52 0.97
02-09 17:01:13 2185M    0     0   930M 52.0  100 0.2   0 100   0   0   0 0.78 1.52 0.97
02-09 17:01:14 2185M    0     0   930M 52.0  100   0   0 100   0   0   0 0.78 1.52 0.97
02-09 17:01:15 2185M    0     0   930M 52.0  100   0 0.4 100   0   0   0 0.78 1.52 0.97
02-09 17:01:16 2185M    0     0   930M 52.0  100 0.2 0.2 100   0   0   0 0.72 1.49 0.97
02-09 17:01:17 2185M    0     0   930M 52.0  100 0.2   0 100   0   0   0 0.72 1.49 0.97
02-09 17:01:18 2185M    0     0   930M 52.0  100 0.2 0.4  99   0   0   0 0.72 1.49 0.97
02-09 17:01:19 2185M    0     0   930M 52.0  100   0 0.4 100   0   0   0 0.72 1.49 0.97
02-09 17:01:20 2185M    0     0   930M  136  184 0.2   0 100   0   0   0 0.72 1.49 0.97
02-09 17:01:21 2185M    0     0   930M 52.0  100   0 0.2 100   0   0   0 0.66 1.47 0.96
02-09 17:01:22 2211M    0     0   904M  104  232  17 1.1  82   0   0   0 0.66 1.47 0.96
02-09 17:01:23 2215M    0     0   900M 52.0  100  11 0.4  89   0   0   0 0.66 1.47 0.96
02-09 17:01:24 2223M    0     0   891M 52.0  116  16 0.3  83   0   0   0 0.66 1.47 0.96
02-09 17:01:25 2226M    0     0   888M 52.0  100  15 0.7  85   0   0   0 0.66 1.47 0.96
02-09 17:01:26 2185M    0     0   930M 52.0  100  13 1.4  86   0   0   0 0.69 1.46 0.96
02-09 17:01:27 2185M    0     0   930M 52.0  100   0 0.4 100   0   0   0 0.69 1.46 0.96
02-09 17:01:28 2185M    0     0   930M 52.0  100   0 0.2 100   0   0   0 0.69 1.46 0.96
02-09 17:01:29 2185M    0     0   930M 52.0  100   0   0 100   0   0   0 0.69 1.46 0.96
02-09 17:01:30 2185M    0     0   930M 52.0  100 0.2 0.2 100   0   0   0 0.69 1.46 0.96
02-09 17:01:31 2185M    0     0   930M    0   200   0 0.2 100   0   0   0 0.63 1.43 0.96
02-09 17:01:32 2185M    0     0   930M    0   100   0 0.2 100   0   0   0 0.63 1.43 0.96
02-09 17:01:33 2185M    0     0   930M  168  300 0.2   0 100   0   0   0 0.63 1.43 0.96
02-09 17:01:34 2185M    0     0   930M 52.0  100 0.2 0.4  99   0   0   0 0.63 1.43 0.96
02-09 17:01:35 2185M    0     0   930M 52.0  100   0   0 100   0   0   0 0.63 1.43 0.96
02-09 17:01:36 2185M    0     0   930M 52.0  100   0   0 100   0   0   0 0.58 1.41 0.95
02-09 17:01:37 2185M    0     0   930M 52.0  100   0 0.4 100   0   0   0 0.58 1.41 0.95
02-09 17:01:38 2185M    0     0   930M 52.0  100   0   0 100   0   0   0 0.58 1.41 0.95
02-09 17:01:39 2185M    0     0   930M 52.0  100 0.2 0.4  99   0   0   0 0.58 1.41 0.95
02-09 17:01:40 2185M    0     0   930M 52.0  100   0   0 100   0   0   0 0.58 1.41 0.95
02-09 17:01:41 2185M    0     0   930M 52.0  100   0 0.2 100   0   0   0 0.53 1.39 0.95
02-09 17:01:42 2185M    0     0   930M  136  152   0 0.2 100   0   0   0 0.53 1.39 0.95
02-09 17:01:43 2211M    0     0   904M  136 1240  15 0.8  84   0   0   0 0.53 1.39 0.95
02-09 17:01:44 2213M    0     0   901M 84.0 52.0  17 0.5  83   0   0   0 0.53 1.39 0.95
02-09 17:01:45 2214M    0     0   901M  136  616  16 0.5  84   0   0   0 0.53 1.39 0.95
02-09 17:01:46 2185M    0     0   930M    0     0   12 1.0  87   0   0   0 0.57 1.38 0.95
02-09 17:01:47 2185M    0     0   930M 84.0 52.0 0.4 0.2  99   0   0   0 0.57 1.38 0.95
02-09 17:01:48 2185M    0     0   930M  136  376   0 0.2 100   0   0   0 0.57 1.38 0.95
02-09 17:01:49 2185M    0     0   930M  824 1076 0.2 0.2 100   0   0   0 0.57 1.38 0.95
02-09 17:01:50 2185M    0     0   930M  408  316 0.4 0.2  99   0   0   0 0.57 1.38 0.95
02-09 17:01:51 2185M    0     0   930M  136  420 0.2 0.2 100   0   0   0 0.53 1.36 0.94
02-09 17:01:52 2185M    0     0   930M    0     0    0   0 100   0   0   0 0.53 1.36 0.94
02-09 17:01:53 2185M    0     0   930M    0     0    0 0.4 100   0   0   0 0.53 1.36 0.94
02-09 17:01:54 2185M    0     0   930M    0     0  0.2 0.2 100   0   0   0 0.53 1.36 0.94
02-09 17:01:55 2185M    0     0   930M    0     0    0 0.2 100   0   0   0 0.53 1.36 0.94
02-09 17:01:56 2185M    0     0   930M    0     0    0 0.4 100   0   0   0 0.48 1.33 0.94
02-09 17:01:57 2185M    0     0   930M  136  100 0.2   0 100   0   0   0 0.48 1.33 0.94
02-09 17:01:58 2185M    0     0   930M  272  200   0   0 100   0   0   0 0.48 1.33 0.94
02-09 17:01:59 2185M    0     0   930M  816  600 0.4 0.4  99   0   0   0 0.48 1.33 0.94
02-09 17:02:00 2185M    0     0   930M  188  200 0.2 0.4  99   0   0   0 0.48 1.33 0.94
02-09 17:02:01 2185M    0     0   930M    0     0    0   0 100   0   0   0 0.44 1.31 0.93
02-09 17:02:02 2185M    0     0   930M    0     0    0 0.2 100   0   0   0 0.44 1.31 0.93
02-09 17:02:03 2186M    0     0   929M  188  264 0.2 0.4  99   0   0   0 0.44 1.31 0.93
02-09 17:02:04 2212M    0     0   903M 84.0  132  13 0.9  86   0   0   0 0.44 1.31 0.93
02-09 17:02:05 2212M    0     0   903M  344  512  17 0.5  82   0   0   0 0.44 1.31 0.93
02-09 17:02:06 2215M    0     0   900M  408  364  15 0.3  85   0   0   0 0.49 1.31 0.93
02-09 17:02:07 2224M    0     0   891M    0     0   16 0.5  83   0   0   0 0.49 1.31 0.93
02-09 17:02:08 2186M    0     0   929M    0     0  2.9 0.8  96   0   0   0 0.49 1.31 0.93
02-09 17:02:09 2186M    0     0   929M 84.0  100   0 0.2 100   0   0   0 0.49 1.31 0.93
02-09 17:02:10 2185M    0     0   930M  324  200   0   0 100   0   0   0 0.49 1.31 0.93
02-09 17:02:11 2185M    0     0   930M    0     0    0 0.4 100   0   0   0 0.45 1.28 0.93
02-09 17:02:12 2185M    0     0   930M  220 1052 0.4 0.4  99   0   0   0 0.45 1.28 0.93
02-09 17:02:13 2185M    0     0   930M    0     0    0   0 100   0   0   0 0.45 1.28 0.93
02-09 17:02:14 2185M    0     0   930M  356  756   0 0.2 100   0   0   0 0.45 1.28 0.93
02-09 17:02:15 2185M    0     0   930M 52.0  100 0.2 0.4  99   0   0   0 0.45 1.28 0.93
02-09 17:02:16 2185M    0     0   930M 52.0  100   0   0 100   0   0   0 0.41 1.26 0.92
02-09 17:02:17 2185M    0     0   930M 52.0  100   0 0.4 100   0   0   0 0.41 1.26 0.92
02-09 17:02:18 2185M    0     0   930M 52.0  100   0   0 100   0   0   0 0.41 1.26 0.92
02-09 17:02:19 2185M    0     0   930M 52.0  100   0 0.2 100   0   0   0 0.41 1.26 0.92
02-09 17:02:20 2185M    0     0   930M 52.0  100 0.2 0.2 100   0   0   0 0.41 1.26 0.92
02-09 17:02:21 2185M    0     0   930M 52.0  100   0   0 100   0   0   0 0.38 1.24 0.92
02-09 17:02:22 2185M    0     0   930M 52.0  100 0.2 0.2 100   0   0   0 0.38 1.24 0.92
02-09 17:02:23 2185M    0     0   930M 52.0  100   0 0.2 100   0   0   0 0.38 1.24 0.92
02-09 17:02:24 2185M    0     0   930M 52.0  100   0   0 100   0   0   0 0.38 1.24 0.92
02-09 17:02:25 2211M    0     0   904M  104  232  11 0.9  88   0   0   0 0.38 1.24 0.92
02-09 17:02:26 2211M    0     0   904M 52.0  100  16 0.7  83   0   0   0 0.43 1.24 0.92
02-09 17:02:27 2219M    0     0   896M 52.0  100  17 0.5  82   0   0   0 0.43 1.24 0.92
02-09 17:02:28 2220M    0     0   894M  824 1152  17 0.2  83   0   0   0 0.43 1.24 0.92
02-09 17:02:29 2219M    0     0   895M 52.0  100  16 0.5  83   0   0   0 0.43 1.24 0.92
02-09 17:02:30 2219M    0     0   895M 52.0  100  16   0  84   0   0   0 0.43 1.24 0.92
02-09 17:02:31 2219M    0     0   895M 52.0  100  17 0.2  83   0   0   0 0.47 1.23 0.92
02-09 17:02:32 2219M    0     0   895M  136  152  17 0.2  83   0   0   0 0.47 1.23 0.92
02-09 17:02:33 2219M    0     0   895M  292 2324  17   0  83   0   0   0 0.47 1.23 0.92
02-09 17:02:34 2219M    0     0   895M 84.0 52.0  17   0  83   0   0   0 0.47 1.23 0.92
02-09 17:02:35 2219M    0     0   895M  272 1264  17 0.2  83   0   0   0 0.47 1.23 0.92
02-09 17:02:36 2219M    0     0   895M  272  444  17 0.3  83   0   0   0 0.52 1.23 0.92
02-09 17:02:37 2220M    0     0   894M 84.0 52.0  17   0  83   0   0   0 0.52 1.23 0.92
02-09 17:02:38 2185M    0     0   930M  356  352  13 1.5  86   0   0   0 0.52 1.23 0.92
02-09 17:02:39 2185M    0     0   930M  816  600 0.2 0.2 100   0   0   0 0.52 1.23 0.92
02-09 17:02:40 2185M    0     0   930M  324  184   0   0 100   0   0   0 0.52 1.23 0.92
02-09 17:02:41 2185M    0     0   930M  628  584 0.2   0 100   0   0   0 0.47 1.21 0.91
02-09 17:02:42 2185M    0     0   930M    0     0  0.2 0.2 100   0   0   0 0.47 1.21 0.91
02-09 17:02:43 2185M    0     0   930M 84.0 52.0   0   0 100   0   0   0 0.47 1.21 0.91
02-09 17:02:44 2185M    0     0   930M  136  616 0.2 0.2 100   0   0   0 0.47 1.21 0.91
02-09 17:02:45 2185M    0     0   930M 52.0  100   0 0.2 100   0   0   0 0.47 1.21 0.91
02-09 17:02:46 2211M    0     0   904M 52.0  148 8.9 0.5  91   0   0   0 0.44 1.19 0.90
02-09 17:02:47 2211M    0     0   904M 52.0  100  16 0.5  83   0   0   0 0.44 1.19 0.90
02-09 17:02:48 2213M    0     0   902M 52.0  100  18 0.7  82   0   0   0 0.44 1.19 0.90
02-09 17:02:49 2219M    0     0   896M 52.0  100  16 0.2  84   0   0   0 0.44 1.19 0.90
02-09 17:02:50 2219M    0     0   896M  272  384  16 0.3  83   0   0   0 0.44 1.19 0.90
02-09 17:02:51 2219M    0     0   896M  272  216  16 0.3  84   0   0   0 0.48 1.18 0.91
02-09 17:02:52 2219M    0     0   896M 84.0 52.0  17   0  83   0   0   0 0.48 1.18 0.91
02-09 17:02:53 2219M    0     0   896M  188  332  17 0.2  83   0   0   0 0.48 1.18 0.91
02-09 17:02:54 2219M    0     0   896M 52.0  100  17 0.3  83   0   0   0 0.48 1.18 0.91
02-09 17:02:55 2219M    0     0   896M 52.0  100  17   0  83   0   0   0 0.48 1.18 0.91
02-09 17:02:56 2243M    0     0   872M  683  813  19 0.6  80   0   0   0 0.52 1.18 0.91
02-09 17:02:57 2185M    0     0   930M  193  491 9.3 1.3  89   0   0   0 0.52 1.18 0.91
02-09 17:02:58 2185M    0     0   930M 52.0  100   0   0 100   0   0   0 0.52 1.18 0.91
02-09 17:02:59 2185M    0     0   930M 52.0  100   0 0.2 100   0   0   0 0.52 1.18 0.91
02-09 17:03:00 2185M    0     0   930M  104  200 0.2 0.4  99   0   0   0 0.52 1.18 0.91
02-09 17:03:01 2185M    0     0   930M 52.0  100   0   0 100   0   0   0 0.48 1.16 0.90
02-09 17:03:02 2185M    0     0   930M 52.0  100 0.4   0 100   0   0   0 0.48 1.16 0.90
02-09 17:03:03 2185M    0     0   930M 52.0  100   0 0.2 100   0   0   0 0.48 1.16 0.90
02-09 17:03:04 2185M    0     0   930M 52.0  100   0   0 100   0   0   0 0.48 1.16 0.90
02-09 17:03:05 2185M    0     0   930M 52.0  100 0.4   0 100   0   0   0 0.48 1.16 0.90
02-09 17:03:06 2185M    0     0   930M 52.0  100   0 0.2 100   0   0   0 0.44 1.14 0.90
02-09 17:03:07 2211M    0     0   904M 52.0  164 8.2 0.7  91   0   0   0 0.44 1.14 0.90
02-09 17:03:08 2211M    0     0   904M 52.0  100  16 0.7  83   0   0   0 0.44 1.14 0.90
02-09 17:03:09 2211M    0     0   904M 52.0  100  17 0.3  82   0   0   0 0.44 1.14 0.90
02-09 17:03:10 2214M    0     0   900M 52.0  100  15 0.3   - 465   0   0 0.44 1.14 0.90
02-09 17:03:11 2185M    0     0   930M 52.0  100  14 1.0 461   -   0   0 0.49 1.14 0.90
02-09 17:03:12 2185M    0     0   930M 52.0  100 0.2 0.2 100   0   0   0 0.49 1.14 0.90
02-09 17:03:13 2185M    0     0   930M 52.0  100   0   0 100   0   0   0 0.49 1.14 0.90
02-09 17:03:14 2185M    0     0   930M 52.0  100 0.2 0.2 100   0   0   0 0.49 1.14 0.90
02-09 17:03:15 2185M    0     0   930M 52.0  100   0   0 100   0   0   0 0.49 1.14 0.90
02-09 17:03:16 2185M    0     0   930M 52.0  100 0.2 0.2 100   0   0   0 0.45 1.12 0.89
02-09 17:03:17 2185M    0     0   930M  386 1132 0.2 0.4  99   0   0   0 0.45 1.12 0.89
02-09 17:03:18 2185M    0     0   930M 52.0  100   0   0 100   0   0   0 0.45 1.12 0.89
02-09 17:03:19 2185M    0     0   930M 52.0  100   0 0.2 100   0   0   0 0.45 1.12 0.89
02-09 17:03:20 2185M    0     0   930M 52.0  100 0.2 0.2 100   0   0   0 0.45 1.12 0.89
02-09 17:03:21 2185M    0     0   930M 52.0  100   0   0 100   0   0   0 0.41 1.10 0.89
02-09 17:03:22 2185M    0     0   930M 52.0  100 0.2 0.4  99   0   0   0 0.41 1.10 0.89
02-09 17:03:23 2185M    0     0   930M 52.0  100   0 0.2 100   0   0   0 0.41 1.10 0.89
02-09 17:03:24 2185M    0     0   930M 52.0  100   0   0 100   0   0   0 0.41 1.10 0.89
02-09 17:03:25 2185M    0     0   930M 52.0  100 0.2 0.2 100   0   0   0 0.41 1.10 0.89
02-09 17:03:26 2185M    0     0   930M  892 1297 0.2 0.2 100   0   0   0 0.38 1.08 0.88
02-09 17:03:27 2185M    0     0   930M 52.0  100   0   0 100   0   0   0 0.38 1.08 0.88
02-09 17:03:28 2211M    0     0   904M 52.0  164 6.5 0.9  93   0   0   0 0.38 1.08 0.88
02-09 17:03:29 2211M    0     0   904M 52.0  100  16 0.8  83   0   0   0 0.38 1.08 0.88
02-09 17:03:30 2211M    0     0   904M 52.0  100  17 0.2  83   0   0   0 0.38 1.08 0.88
02-09 17:03:31 2217M    0     0   897M 52.0  100  12 0.9   - 474   0   0 0.43 1.08 0.88
02-09 17:03:32 2223M    0     0   892M 52.0  100  15 0.3 459   -   0   0 0.43 1.08 0.88
02-09 17:03:33 2221M    0     0   893M 52.0  100  17   0  83   0   0   0 0.43 1.08 0.88
02-09 17:03:34 2221M    0     0   894M 52.0  100  16 0.3  84   0   0   0 0.43 1.08 0.88
02-09 17:03:35 2221M    0     0   894M 52.0  100  17 0.2  83   0   0   0 0.43 1.08 0.88
02-09 17:03:36 2221M    0     0   894M 52.0  100  17   0  83   0   0   0 0.47 1.08 0.88
02-09 17:03:37 2221M    0     0   894M 52.0  100  17 0.5  83   0   0   0 0.47 1.08 0.88
02-09 17:03:38 2221M    0     0   894M 52.0  100  17 0.3  83   0   0   0 0.47 1.08 0.88
02-09 17:03:39 2248M    0     0   866M 52.0  100  17 0.7  83   0   0   0 0.47 1.08 0.88
02-09 17:03:40 2185M    0     0   930M 52.0  100 1.6 0.6  98   0   0   0 0.47 1.08 0.88
02-09 17:03:41 2185M    0     0   930M 52.0  100 0.2 0.2 100   0   0   0 0.43 1.06 0.88
02-09 17:03:42 2185M    0     0   930M  824 1136   0 0.2 100   0   0   0 0.43 1.06 0.88
02-09 17:03:43 2185M    0     0   930M 52.0  100 0.2 0.2 100   0   0   0 0.43 1.06 0.88
02-09 17:03:44 2185M    0     0   930M 52.0  100 0.2 0.4  99   0   0   0 0.43 1.06 0.88
02-09 17:03:45 2185M    0     0   930M 52.0  100   0   0 100   0   0   0 0.43 1.06 0.88
02-09 17:03:46 2185M    0     0   930M 52.0  100   0 0.2 100   0   0   0 0.40 1.04 0.87
02-09 17:03:47 2185M    0     0   930M 52.0  100 0.2 0.2 100   0   0   0 0.40 1.04 0.87
02-09 17:03:48 2185M    0     0   930M 52.0  100   0   0 100   0   0   0 0.40 1.04 0.87
02-09 17:03:49 2211M    0     0   904M 52.0  148 5.1 1.1  94   0   0   0 0.40 1.04 0.87
02-09 17:03:50 2211M    0     0   904M 52.0  100  17 0.3  83   0   0   0 0.40 1.04 0.87
02-09 17:03:51 2211M    0     0   904M 52.0  100  17 0.2  83   0   0   0 0.45 1.04 0.87
02-09 17:03:52 2218M    0     0   896M 52.0  100  16 0.5  83   0   0   0 0.45 1.04 0.87
02-09 17:03:53 2219M    0     0   896M 52.0  100  17 0.3  83   0   0   0 0.45 1.04 0.87
02-09 17:03:54 2225M    0     0   890M 52.0  100  13 0.3   - 470   0   0 0.45 1.04 0.87
02-09 17:03:55 2225M    0     0   890M 52.0  100  13 0.3 469   -   0   0 0.45 1.04 0.87
02-09 17:03:56 2225M    0     0   890M 52.0  100  17   0  83   0   0   0 0.49 1.04 0.87
02-09 17:03:57 2225M    0     0   890M 52.0  100  17 0.3  83   0   0   0 0.49 1.04 0.87
02-09 17:03:58 2225M    0     0   890M 52.0  100  17 0.3  83   0   0   0 0.49 1.04 0.87
02-09 17:03:59 2225M    0     0   890M 52.0  100  17   0  83   0   0   0 0.49 1.04 0.87
02-09 17:04:00 2225M    0     0   890M  104  200  17   0  83   0   0   0 0.49 1.04 0.87
02-09 17:04:01 2227M    0     0   888M 52.0  100  17 0.2  83   0   0   0 0.53 1.04 0.87
02-09 17:04:02 2185M    0     0   930M 52.0  100 7.8 1.3  91   0   0   0 0.53 1.04 0.87
02-09 17:04:03 2185M    0     0   929M 52.0  100 0.2 0.2 100   0   0   0 0.53 1.04 0.87
02-09 17:04:04 2185M    0     0   930M 52.0  100   0 0.2 100   0   0   0 0.53 1.04 0.87
02-09 17:04:05 2185M    0     0   930M 52.0  100   0   0 100   0   0   0 0.53 1.04 0.87
02-09 17:04:06 2185M    0     0   930M 52.0  100 0.2 0.4  99   0   0   0 0.49 1.02 0.87
02-09 17:04:07 2185M    0     0   930M 52.0  100   0 0.2 100   0   0   0 0.49 1.02 0.87
02-09 17:04:08 2185M    0     0   930M 52.0  100 0.2   0 100   0   0   0 0.49 1.02 0.87
02-09 17:04:09 2185M    0     0   930M 52.0  100 0.2 0.2 100   0   0   0 0.49 1.02 0.87
02-09 17:04:10 2211M    0     0   904M  104  232 4.4 0.8  95   0   0   0 0.49 1.02 0.87
02-09 17:04:11 2211M    0     0   904M 52.0  100  17 0.2  83   0   0   0 0.53 1.02 0.87
02-09 17:04:12 2215M    0     0   900M 52.0  100  15 0.5  84   0   0   0 0.53 1.02 0.87
02-09 17:04:13 2185M    0     0   930M 52.0  100 8.0 1.1  91   0   0   0 0.53 1.02 0.87
02-09 17:04:14 2185M    0     0   930M 52.0  100   0   0 100   0   0   0 0.53 1.02 0.87
02-09 17:04:15 2185M    0     0   930M  136  152   0 0.4 100   0   0   0 0.53 1.02 0.87
02-09 17:04:16 2185M    0     0   930M 52.0  100 0.2   0 100   0   0   0 0.49 1.00 0.87
02-09 17:04:17 2185M    0     0   930M 52.0  100   0   0 100   0   0   0 0.49 1.00 0.87
02-09 17:04:18 2185M    0     0   930M    0     0  0.2 0.2 100   0   0   0 0.49 1.00 0.87
02-09 17:04:19 2185M    0     0   930M 52.0  132   0 0.4 100   0   0   0 0.49 1.00 0.87
02-09 17:04:20 2185M    0     0   930M  324  320   0   0 100   0   0   0 0.49 1.00 0.87
02-09 17:04:21 2185M    0     0   930M 52.0  100 0.2 0.2 100   0   0   0 0.45 0.99 0.86
02-09 17:04:22 2185M    0     0   930M 52.0  100 0.2 0.2 100   0   0   0 0.45 0.99 0.86
02-09 17:04:23 2185M    0     0   930M 52.0  100   0   0 100   0   0   0 0.45 0.99 0.86
02-09 17:04:24 2185M    0     0   930M 52.0  100 0.2 0.2 100   0   0   0 0.45 0.99 0.86
02-09 17:04:25 2185M    0     0   930M 52.0  100 0.2   0 100   0   0   0 0.45 0.99 0.86
02-09 17:04:26 2185M    0     0   930M 52.0  100   0 0.2 100   0   0   0 0.41 0.97 0.86
02-09 17:04:27 2185M    0     0   930M 52.0  100   0 0.2 100   0   0   0 0.41 0.97 0.86
02-09 17:04:28 2185M    0     0   930M 52.0 84.0 0.2 0.2 100   0   0   0 0.41 0.97 0.86
02-09 17:04:29 2185M    0     0   930M    0     0    0   0 100   0   0   0 0.41 0.97 0.86
02-09 17:04:30 2185M    0     0   930M    0     0  0.2 0.2 100   0   0   0 0.41 0.97 0.86
02-09 17:04:31 2211M    0     0   904M 52.0  132 3.4 1.5  95   0   0   0 0.38 0.95 0.85
02-09 17:04:32 2211M    0     0   904M    0     0   16   0  84   0   0   0 0.38 0.95 0.85
02-09 17:04:33 2217M    0     0   898M    0     0   12 0.3  87   0   0   0 0.38 0.95 0.85
02-09 17:04:34 2223M    0     0   892M    0     0   18 0.5  82   0   0   0 0.38 0.95 0.85
02-09 17:04:35 2185M    0     0   929M    0     0  3.2 1.5  95   0   0   0 0.38 0.95 0.85
02-09 17:04:36 2185M    0     0   930M    0     0  0.2 0.2 100   0   0   0 0.35 0.94 0.85
02-09 17:04:37 2185M    0     0   930M  408  252   0   0 100   0   0   0 0.35 0.94 0.85
02-09 17:04:38 2185M    0     0   930M  220  136   0 0.4 100   0   0   0 0.35 0.94 0.85
02-09 17:04:39 2185M    0     0   930M    0     0    0 0.4 100   0   0   0 0.35 0.94 0.85
02-09 17:04:40 2185M    0     0   930M  220  284 0.2   0 100   0   0   0 0.35 0.94 0.85
02-09 17:04:41 2185M    0     0   930M  188  100   0 0.2 100   0   0   0 0.32 0.92 0.84
02-09 17:04:42 2185M    0     0   930M    0     0  0.2 0.2 100   0   0   0 0.32 0.92 0.84
02-09 17:04:43 2185M    0     0   930M 1144 1288 0.2   0 100   0   0   0 0.32 0.92 0.84
02-09 17:04:44 2185M    0     0   930M  460  252   0 0.4 100   0   0   0 0.32 0.92 0.84
02-09 17:04:45 2185M    0     0   930M  304  204 0.2 0.2 100   0   0   0 0.32 0.92 0.84
02-09 17:04:46 2185M    0     0   930M  732  520 0.2 0.2 100   0   0   0 0.29 0.91 0.84
02-09 17:04:47 2185M    0     0   930M    0     0    0   0 100   0   0   0 0.29 0.91 0.84
02-09 17:04:48 2185M    0     0   930M 84.0 52.0   0 0.4 100   0   0   0 0.29 0.91 0.84
02-09 17:04:49 2185M    0     0   930M  240  912 0.2   0 100   0   0   0 0.29 0.91 0.84
02-09 17:04:50 2185M    0     0   930M    0     0  0.2 0.4  99   0   0   0 0.29 0.91 0.84
