05-09 09:22:08 2104M    0     0  1011M    0     0  0.2 0.0 100 0.0   0   0 0.05 0.01    0
05-09 09:22:09 2104M    0     0  1011M    0     0  0.2 0.4  99   0   0   0 0.05 0.01    0
05-09 09:22:10 2104M    0     0  1011M  220  252 0.2   0 100   0   0   0 0.05 0.01    0
05-09 09:22:11 2104M    0     0  1011M    0     0    0 0.2 100   0   0   0 0.04 0.01    0
05-09 09:22:12 2122M    0     0   992M  136 84.0 4.2 0.8  95   0   0   0 0.04 0.01    0
05-09 09:22:13 2160M    0     0   954M 84.0 52.0 9.9 1.2  89   0   0   0 0.04 0.01    0
05-09 09:22:14 2168M    0     0   947M  136  200 5.8 0.6  94   0   0   0 0.04 0.01    0
05-09 09:22:15 2168M    0     0   947M    0     0  0.2   0 100   0   0   0 0.04 0.01    0
05-09 09:22:16 2168M    0     0   947M  824 1076   0 0.2 100   0   0   0 0.04 0.01    0
05-09 09:22:17 2168M    0     0   947M    0     0  0.2 0.2 100   0   0   0 0.04 0.01    0
05-09 09:22:18 2169M    0     0   945M  136 84.0 0.2   0   - 567   0   0 0.04 0.01    0
05-09 09:22:19 2169M    0     0   945M 52.0  740 0.2   0 567   -   0   0 0.04 0.01    0
05-09 09:22:20 2170M    0     0   945M 84.0  888 0.2 0.4  99   0   0   0 0.04 0.01    0
05-09 09:22:21 2170M    0     0   945M  104    0  0.2 0.4  99   0   0   0 0.04 0.01    0
05-09 09:22:22 2170M    0     0   945M  220  100   0   0 100   0   0   0 0.04 0.01    0
05-09 09:22:23 2168M    0     0   947M  220  284 0.2 0.4  99   0   0   0 0.04 0.01    0
05-09 09:22:24 2168M    0     0   947M 84.0 84.0   0 0.2 100   0   0   0 0.04 0.01    0
05-09 09:22:25 2168M    0     0   947M  868  504 0.2 0.4  99   0   0   0 0.04 0.01    0
05-09 09:22:26 2168M    0     0   947M  576  436 0.4   0 100   0   0   0 0.03 0.01    0
05-09 09:22:27 2168M    0     0   947M  324  168 0.2 0.4  99   0   0   0 0.03 0.01    0
05-09 09:22:28 2168M    0     0   947M 1588 1472   0 0.4 100   0   0   0 0.03 0.01    0
05-09 09:22:29 2168M    0     0   947M 52.0  100 0.4   0 100   0   0   0 0.03 0.01    0
05-09 09:22:30 2168M    0     0   947M  136 84.0   0 0.2 100   0   0   0 0.03 0.01    0
05-09 09:22:31 2168M    0     0   947M  408  284 0.2 0.2 100   0   0   0 0.03 0.01    0
05-09 09:22:32 2168M    0     0   947M  272  200 0.2   0 100   0   0   0 0.03 0.01    0
05-09 09:22:33 2168M    0     0   947M    0     0  0.4 0.2  99   0   0   0 0.03 0.01    0
05-09 09:22:34 2215M    0     0   900M  136  100  15 0.7  85   0   0   0 0.03 0.01    0
05-09 09:22:35 2266M    0     0   848M  676  608  13 1.0  86   0   0   0 0.03 0.01    0
05-09 09:22:36 2230M    0     0   884M  622  593  10 0.7   - 505   0   0 0.11 0.03 0.01
05-09 09:22:37 2231M    0     0   884M    0     0  0.8 0.4   0  99   0   0 0.11 0.03 0.01
05-09 09:22:38 2232M    0     0   883M    0     0  0.8 0.2   0  99   0   0 0.11 0.03 0.01
05-09 09:22:39 2232M    0     0   883M    0     0  0.6 0.6   0  99   0   0 0.11 0.03 0.01
05-09 09:22:40 2233M    0     0   882M    0     0  0.8 0.4   0  99   0   0 0.11 0.03 0.01
05-09 09:22:41 2234M    0     0   880M    0     0  0.6 0.6   0  99   0   0 0.26 0.06 0.02
05-09 09:22:42 2235M    0     0   880M    0     0  0.8 0.2   0  99   0   0 0.26 0.06 0.02
05-09 09:22:43 2267M    0     0   848M  862  952 8.2 0.9 515   -   0   0 0.26 0.06 0.02
05-09 09:22:44 2296M    0     0   819M    0     0   13 1.0  86   0   0   0 0.26 0.06 0.02
05-09 09:22:45 2295M    0     0   819M    0     0   14 1.9  84   0   0   0 0.26 0.06 0.02
05-09 09:22:46 2284M    0     0   831M 45.0.0068359375 45.0.0068359375  15 1.2  84   0   0   0 0.32 0.08 0.02
05-09 09:22:47 2266M    0     0   848M 48.0.0078125 48.0.005859375  15 1.3  84   0   0   0 0.32 0.08 0.02
05-09 09:22:48 2306M    0     0   809M    0     0   15 1.2  84   0   0   0 0.32 0.08 0.02
05-09 09:22:49 2253M    0     0   862M 38.0.00390625 38.0.001953125  13 2.2  84   0   0   0 0.32 0.08 0.02
05-09 09:22:50 2295M    0     0   820M    0     0   15 1.2   - 477   0   0 0.32 0.08 0.02
05-09 09:22:51 2251M    0     0   863M 31.0.0009765625 31.0 4.7 0.8 537   -   0   0 0.37 0.09 0.03
05-09 09:22:52 2295M    0     0   820M    0     0   16 0.8  84   0   0   0 0.37 0.09 0.03
05-09 09:22:53 2240M    0     0   875M 43.0.0068359375 47.0.0048828125  14 1.8  84   0   0   0 0.37 0.09 0.03
05-09 09:22:54 2291M    0     0   823M    0     0   16 0.7  83   0   0   0 0.37 0.09 0.03
05-09 09:22:55 2296M    0     0   819M    0     0   14 1.7   - 477   0   0 0.37 0.09 0.03
05-09 09:22:56 2297M    0     0   817M 64.0.0068359375 64.0.0078125  19 2.5 444   -   0   0 0.42 0.10 0.03
05-09 09:22:57 2253M    0     0   862M 40.0.00390625 40.0.0048828125  15 1.3  83   0   0   0 0.42 0.10 0.03
05-09 09:22:58 2295M    0     0   819M    0     0   15 1.3   - 474   0   0 0.42 0.10 0.03
05-09 09:22:59 2246M    0     0   868M 35.0.0078125 35.0.0068359375  15 1.8 474   -   0   0 0.42 0.10 0.03
05-09 09:23:00 2295M    0     0   820M 52.0  100  15 1.3  83   0   0   0 0.42 0.10 0.03
05-09 09:23:01 2239M    0     0   876M 39.0.0068359375 39.0.0048828125  14 1.8  84   0   0   0 0.47 0.12 0.04
05-09 09:23:02 2290M    0     0   825M    0     0   15 1.7  83   0   0   0 0.47 0.12 0.04
05-09 09:23:03 2307M    0     0   808M  312 7193  14 1.7  84   0   0   0 0.47 0.12 0.04
05-09 09:23:04 2282M    0     0   832M 45.0.0087890625 45.0.0087890625  15 1.7  83   0   0   0 0.47 0.12 0.04
05-09 09:23:05 2307M    0     0   808M    0     0   15 1.0  84   0   0   0 0.47 0.12 0.04
05-09 09:23:06 2282M    0     0   833M 34.0.0048828125 34.0.0029296875  15 1.3  83   0   0   0 0.51 0.13 0.04
05-09 09:23:07 2304M    0     0   810M    0     0   15 1.3  84   0   0   0 0.51 0.13 0.04
05-09 09:23:08 2269M    0     0   845M 55.0.0048828125 55.0.0029296875  14 2.3  83   0   0   0 0.51 0.13 0.04
05-09 09:23:09 2252M    0     0   862M 36.0.00390625 36.0.0029296875  15 1.7  84   0   0   0 0.51 0.13 0.04
05-09 09:23:10 2296M    0     0   819M    0     0   16 1.2  83   0   0   0 0.51 0.13 0.04
05-09 09:23:11 2286M    0     0   828M 36.0.0029296875 36.0.001953125  16 1.0  83   0   0   0 0.55 0.15 0.04
05-09 09:23:12 2279M    0     0   836M 46.0.0048828125 46.0.00390625  15 1.3  83   0   0   0 0.55 0.15 0.04
05-09 09:23:13 2297M    0     0   817M  312 6690  15 1.0  84   0   0   0 0.55 0.15 0.04
05-09 09:23:14 2276M    0     0   839M 37.0.0009765625 37.0  15 2.2  83   0   0   0 0.55 0.15 0.04
05-09 09:23:15 2288M    0     0   826M 31.0.001953125 31.0.001953125  19 1.7  79   0   0   0 0.55 0.15 0.04
05-09 09:23:16 2327M    0     0   788M  772 1036  26 0.7  74   0   0   0 0.66 0.18 0.06
05-09 09:23:17 2274M    0     0   841M 47.0.0068359375 48.0  26 2.4   - 408   0   0 0.66 0.18 0.06
05-09 09:23:18 2322M    0     0   792M    0     0   22 1.2 437   -   0   0 0.66 0.18 0.06
05-09 09:23:19 2307M    0     0   807M    0     0   20 2.6  77   0   0   0 0.66 0.18 0.06
05-09 09:23:20 2285M    0     0   829M 37.0 37.0  15 1.5  83   0   0   0 0.66 0.18 0.06
05-09 09:23:21 2275M    0     0   839M 48.0.0078125 48.0.005859375  15 2.0  83   0   0   0 0.69 0.19 0.06
05-09 09:23:22 2262M    0     0   853M 35.0.001953125 35.0.0009765625  16 1.2  83   0   0   0 0.69 0.19 0.06
05-09 09:23:23 2297M    0     0   818M 42.0.0087890625 54.0.0048828125  15 1.3  83   0   0   0 0.69 0.19 0.06
05-09 09:23:24 2288M    0     0   827M 6547  978  16 1.2  83   0   0   0 0.69 0.19 0.06
05-09 09:23:25 2306M    0     0   809M    0     0   13 2.2  85   0   0   0 0.69 0.19 0.06
05-09 09:23:26 2285M    0     0   830M 35.0.0078125 35.0.0068359375  16 1.3  83   0   0   0 0.72 0.20 0.06
05-09 09:23:27 2302M    0     0   812M    0     0   15 1.5  84   0   0   0 0.72 0.20 0.06
05-09 09:23:28 2282M    0     0   832M 37.0.0029296875 37.0.0029296875  15 2.0  83   0   0   0 0.72 0.20 0.06
05-09 09:23:29 2306M    0     0   809M    0     0   15 1.5  83   0   0   0 0.72 0.20 0.06
05-09 09:23:30 2277M    0     0   837M 48.0.0029296875 48.0.0009765625  15 1.7  83   0   0   0 0.72 0.20 0.06
05-09 09:23:31 2261M    0     0   853M 36.0.005859375 36.0.0048828125  16 1.2  83   0   0   0 0.74 0.22 0.07
05-09 09:23:32 2242M    0     0   873M 40.0.001953125 40.0.0009765625  16 1.2  83   0   0   0 0.74 0.22 0.07
05-09 09:23:33 2292M    0     0   822M  312 6690  16 1.0  83   0   0   0 0.74 0.22 0.07
05-09 09:23:34 2282M    0     0   833M 43.0.0068359375 43.0.005859375  15 1.3  83   0   0   0 0.74 0.22 0.07
05-09 09:23:35 2300M    0     0   815M    0     0   15 1.5  84   0   0   0 0.74 0.22 0.07
05-09 09:23:36 2269M    0     0   846M 48.0.0029296875 48.0.001953125  14 1.8  84   0   0   0 0.76 0.23 0.07
05-09 09:23:37 2300M    0     0   815M  892 1237  15 1.7  83   0   0   0 0.76 0.23 0.07
05-09 09:23:38 2290M    0     0   824M 37.0.0009765625 37.0.0009765625  21 2.3  76   0   0   0 0.76 0.23 0.07
05-09 09:23:39 2331M    0     0   783M    0     0   27 0.9  72   0   0   0 0.76 0.23 0.07
05-09 09:23:40 2285M    0     0   830M 34.0.0048828125 34.0.00390625  25 1.3  74   0   0   0 0.76 0.23 0.07
05-09 09:23:41 2329M    0     0   786M    0     0   21 1.1  78   0   0   0 0.86 0.26 0.08
05-09 09:23:42 2286M    0     0   829M 37.0.00390625 37.0.005859375  21 1.4  77   0   0   0 0.86 0.26 0.08
05-09 09:23:43 2280M    0     0   834M 38.0.0068359375 44.0.005859375  16 1.3  83   0   0   0 0.86 0.26 0.08
05-09 09:23:44 2269M    0     0   846M 31.0.0029296875 31.0.001953125  15 1.3  83   0   0   0 0.86 0.26 0.08
05-09 09:23:45 2299M    0     0   816M    0     0   16 1.0  83   0   0   0 0.86 0.26 0.08
05-09 09:23:46 2255M    0     0   860M 49.0.00390625 49.0.0029296875  16 1.8  83   0   0   0 0.87 0.27 0.09
05-09 09:23:47 2298M    0     0   817M    0     0   15 1.2  83   0   0   0 0.87 0.27 0.09
05-09 09:23:48 2251M    0     0   864M 38.0.001953125 38.0.0009765625  15 1.8  83   0   0   0 0.87 0.27 0.09
05-09 09:23:49 2296M    0     0   818M    0     0   15 1.3   - 472   0   0 0.87 0.27 0.09
05-09 09:23:50 2276M    0     0   839M 43.0.0087890625 43.0.0078125  12 1.6 492   -   0   0 0.87 0.27 0.09
05-09 09:23:51 2303M    0     0   811M    0     0   16 1.0  83   0   0   0 0.88 0.28 0.09
05-09 09:23:52 2267M    0     0   848M 38.0.0029296875 38.0.001953125  14 2.7  83   0   0   0 0.88 0.28 0.09
05-09 09:23:53 2239M    0     0   876M 48.0 54.0.0009765625  15 1.0  84   0   0   0 0.88 0.28 0.09
05-09 09:23:54 2290M    0     0   825M    0     0   16 1.3  83   0   0   0 0.88 0.28 0.09
05-09 09:23:55 2307M    0     0   807M    0     0   14 1.8  84   0   0   0 0.88 0.28 0.09
05-09 09:23:56 2284M    0     0   831M 40.0.0087890625 40.0.0078125  16 1.2  83   0   0   0 0.89 0.30 0.10
05-09 09:23:57 2306M    0     0   808M    0     0   14 1.7  84   0   0   0 0.89 0.30 0.10
05-09 09:23:58 2274M    0     0   841M 47.0.0009765625 46.0.0087890625  15 2.0  83   0   0   0 0.89 0.30 0.10
05-09 09:23:59 2249M    0     0   865M 35.0.0009765625 34.0.0087890625  14 1.4  85   0   0   0 0.89 0.30 0.10
05-09 09:24:00 2319M    0     0   796M 52.0  100  21 1.6  78   0   0   0 0.89 0.30 0.10
05-09 09:24:01 2324M    0     0   790M    0     0   26 2.3  72   0   0   0 0.98 0.32 0.11
05-09 09:24:02 2309M    0     0   805M 56.0.0087890625 56.0.005859375  26 1.6  72   0   0   0 0.98 0.32 0.11
05-09 09:24:03 2357M    0     0   758M  312 6149  27 1.6  72   0   0   0 0.98 0.32 0.11
05-09 09:24:04 2265M    0     0   849M 49.0.0068359375 49.0.0048828125  16 1.8  82   0   0   0 0.98 0.32 0.11
05-09 09:24:05 2307M    0     0   808M    0     0   15 0.8  84   0   0   0 0.98 0.32 0.11
05-09 09:24:06 2255M    0     0   859M 44.0.00390625 44.0.001953125  14 2.3  84   0   0   0 0.98 0.33 0.11
05-09 09:24:07 2298M    0     0   817M    0     0   16 0.5  83   0   0   0 0.98 0.33 0.11
05-09 09:24:08 2249M    0     0   865M 40.0.0078125 40.0.0068359375  15 1.8  83   0   0   0 0.98 0.33 0.11
05-09 09:24:09 2297M    0     0   818M    0     0   16 1.3  83   0   0   0 0.98 0.33 0.11
05-09 09:24:10 2298M    0     0   817M    0     0   14 1.9  84   0   0   0 0.98 0.33 0.11
05-09 09:24:11 2286M    0     0   828M 45.0.0068359375 45.0.005859375  16 1.3  83   0   0   0 0.98 0.35 0.12
05-09 09:24:12 2281M    0     0   833M 37.0.0068359375 37.0.005859375  15 1.5  83   0   0   0 0.98 0.35 0.12
05-09 09:24:13 2268M    0     0   847M 39.0.0009765625 45.0.0068359375  16 1.2  83   0   0   0 0.98 0.35 0.12
05-09 09:24:14 2299M    0     0   816M    0     0   15 1.0  84   0   0   0 0.98 0.35 0.12
05-09 09:24:15 2260M    0     0   854M 44.0.00390625 44.0.001953125  15 2.0  83   0   0   0 0.98 0.35 0.12
05-09 09:24:16 2304M    0     0   811M  772 1036  16 1.0  83   0   0   0 0.98 0.36 0.12
05-09 09:24:17 2254M    0     0   860M 42.0.001953125 42.0  15 2.0  83   0   0   0 0.98 0.36 0.12
05-09 09:24:18 2298M    0     0   817M    0     0   16 1.2  83   0   0   0 0.98 0.36 0.12
05-09 09:24:19 2287M    0     0   828M 38.0.0087890625 38.0.0078125  15 1.7  83   0   0   0 0.98 0.36 0.12
05-09 09:24:20 2282M    0     0   833M 38.0.0087890625 38.0.0078125  15 1.5  83   0   0   0 0.98 0.36 0.12
05-09 09:24:21 2324M    0     0   791M    0     0   22 1.7  76   0   0   0 0.98 0.37 0.13
05-09 09:24:22 2301M    0     0   813M 38.0.0068359375 38.0.0048828125  27 2.0  71   0   0   0 0.98 0.37 0.13
05-09 09:24:23 2333M    0     0   782M  364 6742  26 0.9   - 415   0   0 0.98 0.37 0.13
05-09 09:24:24 2291M    0     0   824M 35.0.0068359375 35.0.005859375  15 2.2   0  83   0   0 0.98 0.37 0.13
05-09 09:24:25 2309M    0     0   806M 31.0.0029296875 31.0.001953125  25 1.7 413   -   0   0 0.98 0.37 0.13
05-09 09:24:26 2373M    0     0   742M    0     0   28 1.1  71   0   0   0 1.06 0.39 0.14
05-09 09:24:27 2315M    0     0   800M 34.0.0048828125 34.0.00390625  24 2.2  74   0   0   0 1.06 0.39 0.14
05-09 09:24:28 2364M    0     0   751M    0     0   25 0.9  74   0   0   0 1.06 0.39 0.14
05-09 09:24:29 2304M    0     0   810M    0     0   21 2.8  76   0   0   0 1.06 0.39 0.14
05-09 09:24:30 2283M    0     0   832M 45.0.005859375 45.0.0068359375  15 2.1  83   0   0   0 1.06 0.39 0.14
05-09 09:24:31 2306M    0     0   808M    0     0   15 1.2  84   0   0   0 1.06 0.40 0.14
05-09 09:24:32 2278M    0     0   836M 45.0.005859375 45.0.00390625  15 2.2  83   0   0   0 1.06 0.40 0.14
05-09 09:24:33 2264M    0     0   851M 35.0.0078125 42.0.00390625  15 1.0  84   0   0   0 1.06 0.40 0.14
05-09 09:24:34 2306M    0     0   809M    0     0   15 1.0  84   0   0   0 1.06 0.40 0.14
05-09 09:24:35 2257M    0     0   858M 42.0 41.0.0087890625  15 1.8  83   0   0   0 1.06 0.40 0.14
05-09 09:24:36 2298M    0     0   817M 34.0.0048828125 36.0.005859375  16 1.3  83   0   0   0 1.05 0.41 0.14
05-09 09:24:37 2289M    0     0   825M 3130  926  16 1.0  83   0   0   0 1.05 0.41 0.14
05-09 09:24:38 2309M    0     0   806M    0     0   15 1.7  84   0   0   0 1.05 0.41 0.14
05-09 09:24:39 2287M    0     0   828M 35.0.0068359375 35.0.005859375  16 1.2  83   0   0   0 1.05 0.41 0.14
05-09 09:24:40 2301M    0     0   813M    0     0   14 1.7  84   0   0   0 1.05 0.41 0.14
05-09 09:24:41 2284M    0     0   830M 35.0.0078125 35.0.0068359375  15 1.5  83   0   0   0 1.05 0.42 0.15
05-09 09:24:42 2277M    0     0   837M 37.0.0068359375 37.0.005859375  15 1.8  83   0   0   0 1.05 0.42 0.15
05-09 09:24:43 2333M    0     0   781M 1084 7726  20 1.7  78   0   0   0 1.05 0.42 0.15
05-09 09:24:44 2294M    0     0   820M 39.0.005859375 39.0.0048828125  27 1.7  72   0   0   0 1.05 0.42 0.15
05-09 09:24:45 2325M    0     0   790M    0     0   27 1.1  71   0   0   0 1.05 0.42 0.15
05-09 09:24:46 2288M    0     0   826M 35.0.0029296875 35.0.0048828125  25 2.6  73   0   0   0 1.12 0.45 0.16
05-09 09:24:47 2333M    0     0   781M    0     0   22 1.2   - 439   0   0 1.12 0.45 0.16
05-09 09:24:48 2278M    0     0   836M 35.0.0068359375 35.0.0048828125  23 2.1 426   -   0   0 1.12 0.45 0.16
05-09 09:24:49 2293M    0     0   821M    0     0   19 1.1  80   0   0   0 1.12 0.45 0.16
05-09 09:24:50 2298M    0     0   816M    0     0   14 1.7  84   0   0   0 1.12 0.45 0.16
05-09 09:24:51 2283M    0     0   831M 55.0.0029296875 55.0.001953125  15 1.5  83   0   0   0 1.11 0.46 0.16
05-09 09:24:52 2268M    0     0   847M 43.0.0078125 43.0.0068359375  15 1.7  83   0   0   0 1.11 0.46 0.16
05-09 09:24:53 2250M    0     0   864M 39.0.001953125 45.0.0078125  15 1.5  83   0   0   0 1.11 0.46 0.16
05-09 09:24:54 2298M    0     0   817M    0     0   16 1.2  83   0   0   0 1.11 0.46 0.16
05-09 09:24:55 2298M    0     0   816M    0     0   14 2.3  84   0   0   0 1.11 0.46 0.16
05-09 09:24:56 2289M    0     0   826M 49.0.00390625 49.0.0029296875  16 1.5  83   0   0   0 1.11 0.47 0.17
05-09 09:24:57 2305M    0     0   810M    0     0   14 1.2  85   0   0   0 1.11 0.47 0.17
05-09 09:24:58 2285M    0     0   829M 38.0.0009765625 38.0  16 1.3  83   0   0   0 1.11 0.47 0.17
05-09 09:24:59 2300M    0     0   814M    0     0   15 1.7  84   0   0   0 1.11 0.47 0.17
05-09 09:25:00 2279M    0     0   835M 50.0.005859375 50.0.00390625  15 2.3  83   0   0   0 1.11 0.47 0.17
05-09 09:25:01 2260M    0     0   854M 38.0.0078125 38.0.005859375  15 1.2  84   0   0   0 1.10 0.47 0.17
05-09 09:25:02 2302M    0     0   813M    0     0   15 1.3  84   0   0   0 1.10 0.47 0.17
05-09 09:25:03 2255M    0     0   860M 38.0.0048828125 44.0.001953125  15 1.8  83   0   0   0 1.10 0.47 0.17
05-09 09:25:04 2324M    0     0   790M    0     0   20 1.4  78   0   0   0 1.10 0.47 0.17
05-09 09:25:05 2277M    0     0   837M 36.0.0078125 36.0.0068359375  27 2.1  71   0   0   0 1.10 0.47 0.17
05-09 09:25:06 2324M    0     0   791M    0     0   28 1.0  71   0   0   0 1.17 0.50 0.18
05-09 09:25:07 2270M    0     0   844M 39.0.0048828125 39.0.00390625  25 1.6  73   0   0   0 1.17 0.50 0.18
05-09 09:25:08 2317M    0     0   797M    0     0   23 1.1  76   0   0   0 1.17 0.50 0.18
05-09 09:25:09 2304M    0     0   810M    0     0   23 2.2  74   0   0   0 1.17 0.50 0.18
05-09 09:25:10 2285M    0     0   830M 38.0 37.0.0087890625  15 1.7  83   0   0   0 1.17 0.50 0.18
05-09 09:25:11 2309M    0     0   806M    0     0   15 1.5  84   0   0   0 1.16 0.51 0.19
05-09 09:25:12 2281M    0     0   834M 42.0.0029296875 42.0.0009765625  15 1.7  84   0   0   0 1.16 0.51 0.19
05-09 09:25:13 2299M    0     0   815M  416 8193  15 1.2  83   0   0   0 1.16 0.51 0.19
05-09 09:25:14 2278M    0     0   836M 37.0.0029296875 37.0.0009765625  15 1.7  83   0   0   0 1.16 0.51 0.19
05-09 09:25:15 2309M    0     0   805M    0     0   14 1.8  84   0   0   0 1.16 0.51 0.19
05-09 09:25:16 2262M    0     0   853M 52.0.0048828125 52.0.005859375  14 2.8  83   0   0   0 1.22 0.53 0.20
05-09 09:25:17 2304M    0     0   810M    0     0   16 0.8  83   0   0   0 1.22 0.53 0.20
05-09 09:25:18 2257M    0     0   857M 35.0.0078125 35.0.0068359375  15 2.2  83   0   0   0 1.22 0.53 0.20
05-09 09:25:19 2301M    0     0   814M    0     0   15 1.3  83   0   0   0 1.22 0.53 0.20
05-09 09:25:20 2254M    0     0   860M 36.0.0087890625 36.0.0068359375  14 2.3  83   0   0   0 1.22 0.53 0.20
05-09 09:25:21 2299M    0     0   816M    0     0   16 1.3  83   0   0   0 1.20 0.54 0.20
05-09 09:25:22 2299M    0     0   815M 47.0.0009765625 48.0.0048828125  15 2.2  83   0   0   0 1.20 0.54 0.20
05-09 09:25:23 2290M    0     0   825M 2811 9215  15 1.8  83   0   0   0 1.20 0.54 0.20
05-09 09:25:24 2298M    0     0   816M    0     0   14 1.8  84   0   0   0 1.20 0.54 0.20
05-09 09:25:25 2313M    0     0   802M 38.0.00390625 38.0.0029296875  22 2.0  76   0   0   0 1.20 0.54 0.20
05-09 09:25:26 2293M    0     0   821M 51.0.00390625 51.0.00390625  27 1.7  72   0   0   0 1.27 0.56 0.21
05-09 09:25:27 2275M    0     0   839M 38.0.0068359375 38.0.005859375  28 1.1  71   0   0   0 1.27 0.56 0.21
05-09 09:25:28 2324M    0     0   790M    0     0   26 1.0   - 414   0   0 1.27 0.56 0.21
05-09 09:25:29 2328M    0     0   786M 34.0.0048828125 36.0  25 1.9 417   -   0   0 1.27 0.56 0.21
05-09 09:25:30 2318M    0     0   797M 2588  926  22 1.2   - 435   0   0 1.27 0.56 0.21
05-09 09:25:31 2268M    0     0   846M 35.0.0009765625 35.0  24 2.5 419   -   0   0 1.89 0.70 0.26
05-09 09:25:32 2310M    0     0   805M    0     0   15 1.0  84   0   0   0 1.89 0.70 0.26
05-09 09:25:33 2259M    0     0   856M 43.0.005859375 48.0.0029296875  15 1.7  83   0   0   0 1.89 0.70 0.26
05-09 09:25:34 2298M    0     0   817M 34.0.0048828125 35.0.0068359375  16 1.0  83   0   0   0 1.89 0.70 0.26
05-09 09:25:35 2291M    0     0   824M 2230  873  15 1.3  83   0   0   0 1.89 0.70 0.26
05-09 09:25:36 2310M    0     0   805M  824 1092  14 2.0  84   0   0   0 1.82 0.71 0.26
05-09 09:25:37 2282M    0     0   833M 56.0.00390625 56.0.001953125  15 2.0  83   0   0   0 1.82 0.71 0.26
05-09 09:25:38 2256M    0     0   858M 50.0.0009765625 49.0.0087890625  15 2.0  83   0   0   0 1.82 0.71 0.26
05-09 09:25:39 2299M    0     0   816M    0     0   16 0.8  83   0   0   0 1.82 0.71 0.26
05-09 09:25:40 2288M    0     0   826M 38.0.0078125 38.0.0068359375  15 1.7  83   0   0   0 1.82 0.71 0.26
05-09 09:25:41 2282M    0     0   833M 42.0.0078125 42.0.0068359375  15 1.8  83   0   0   0 1.75 0.71 0.26
05-09 09:25:42 2300M    0     0   814M    0     0   15 0.8  84   0   0   0 1.75 0.71 0.26
05-09 09:25:43 2278M    0     0   836M 35.0.005859375 41.0.0009765625  15 2.2  83   0   0   0 1.75 0.71 0.26
05-09 09:25:44 2259M    0     0   855M 40.0.0009765625 39.0.0087890625  16 1.5  83   0   0   0 1.75 0.71 0.26
05-09 09:25:45 2244M    0     0   871M 35.0 34.0.0087890625  16 1.2  83   0   0   0 1.75 0.71 0.26
05-09 09:25:46 2295M    0     0   820M    0     0   16 1.2  83   0   0   0 1.69 0.72 0.27
05-09 09:25:47 2324M    0     0   790M    0     0   20 2.8  78   0   0   0 1.69 0.72 0.27
05-09 09:25:48 2266M    0     0   849M 55.0.0087890625 55.0.0087890625  20 1.0   - 450   0   0 1.69 0.72 0.27
05-09 09:25:49 2267M    0     0   848M  788 1004 0.8 0.6   0  99   0   0 1.69 0.72 0.27
05-09 09:25:50 2277M    0     0   838M    0     0  7.2 0.6   0  92   0   0 1.69 0.72 0.27
05-09 09:25:51 2277M    0     0   838M    0     0  7.4 0.2   0  92   0   0 1.71 0.74 0.28
05-09 09:25:52 2278M    0     0   836M  844  752 7.7 0.2 523   -   0   0 1.71 0.74 0.28
05-09 09:25:53 2289M    0     0   825M  344 4300  24 1.5  75   0   0   0 1.71 0.74 0.28
05-09 09:25:54 2302M    0     0   813M    0     0   13 1.4  85   0   0   0 1.71 0.74 0.28
05-09 09:25:55 2270M    0     0   844M 1417 1335  15 1.7  83   0   0   0 1.71 0.74 0.28
05-09 09:25:56 2306M    0     0   809M    0     0   14 0.7  85   0   0   0 1.66 0.74 0.28
05-09 09:25:57 2305M    0     0   810M    0     0   14 2.2  84   0   0   0 1.66 0.74 0.28
05-09 09:25:58 2287M    0     0   827M 1417 1335  16 1.0  83   0   0   0 1.66 0.74 0.28
05-09 09:25:59 2300M    0     0   814M    0     0   14 1.2  85   0   0   0 1.66 0.74 0.28
05-09 09:26:00 2269M    0     0   846M 1469 1435  15 1.8  83   0   0   0 1.66 0.74 0.28
05-09 09:26:01 2303M    0     0   811M    0     0   14 1.4  85   0   0   0 1.60 0.75 0.28
05-09 09:26:02 2304M    0     0   810M    0     0   15 1.5  84   0   0   0 1.60 0.75 0.28
05-09 09:26:03 2287M    0     0   827M 1781 8923  15 1.8  83   0   0   0 1.60 0.75 0.28
05-09 09:26:04 2307M    0     0   808M    0     0   13 1.5  85   0   0   0 1.60 0.75 0.28
05-09 09:26:05 2263M    0     0   851M 1417 1335  15 2.2  83   0   0   0 1.60 0.75 0.28
05-09 09:26:06 2300M    0     0   814M    0     0   15 1.0  84   0   0   0 1.56 0.75 0.29
05-09 09:26:07 2310M    0     0   804M    0     0   15 1.5  84   0   0   0 1.56 0.75 0.29
05-09 09:26:08 2267M    0     0   847M 1417 1335  15 1.5  83   0   0   0 1.56 0.75 0.29
05-09 09:26:09 2326M    0     0   788M    0     0   18 1.8   - 458   0   0 1.56 0.75 0.29
05-09 09:26:10 2336M    0     0   778M    0     0   27 1.0 411   -   0   0 1.56 0.75 0.29
05-09 09:26:11 2272M    0     0   842M 1415 1333  25 1.5  73   0   0   0 1.59 0.77 0.30
05-09 09:26:12 2294M    0     0   821M    0     0   20 2.0  78   0   0   0 1.59 0.77 0.30
05-09 09:26:13 2309M    0     0   805M  260 5678  14 1.9  85   0   0   0 1.59 0.77 0.30
05-09 09:26:14 2278M    0     0   837M 1415 1333  15 2.0  83   0   0   0 1.59 0.77 0.30
05-09 09:26:15 2302M    0     0   813M    0     0   14 1.0  85   0   0   0 1.59 0.77 0.30
05-09 09:26:16 2272M    0     0   843M 1399 1317  15 1.8  83   0   0   0 1.54 0.77 0.30
05-09 09:26:17 2300M    0     0   814M    0     0   15 1.2  84   0   0   0 1.54 0.77 0.30
05-09 09:26:18 2299M    0     0   815M    0     0   14 2.3  83   0   0   0 1.54 0.77 0.30
05-09 09:26:19 2291M    0     0   824M 1416 1334  15 1.5  83   0   0   0 1.54 0.77 0.30
05-09 09:26:20 2310M    0     0   804M    0     0   14 1.3  84   0   0   0 1.54 0.77 0.30
05-09 09:26:21 2290M    0     0   825M 1398 1316  15 2.2  83   0   0   0 1.50 0.78 0.30
05-09 09:26:22 2301M    0     0   813M    0     0   13 1.5  85   0   0   0 1.50 0.78 0.30
05-09 09:26:23 2287M    0     0   828M 1814 10.0  15 1.8  83   0   0   0 1.50 0.78 0.30
05-09 09:26:24 2303M    0     0   811M    0     0   15 1.7  83   0   0   0 1.50 0.78 0.30
05-09 09:26:25 2287M    0     0   827M 1399 1317  15 1.8  83   0   0   0 1.50 0.78 0.30
05-09 09:26:26 2301M    0     0   814M    0     0   14 0.7   - 482   0   0 1.46 0.78 0.31
05-09 09:26:27 2302M    0     0   813M    0     0   15 1.5 472   -   0   0 1.46 0.78 0.31
05-09 09:26:28 2287M    0     0   828M 1417 1335  15 1.5  83   0   0   0 1.46 0.78 0.31
05-09 09:26:29 2309M    0     0   806M    0     0   15 1.2  84   0   0   0 1.46 0.78 0.31
05-09 09:26:30 2266M    0     0   848M 1417 1335  15 1.8  83   0   0   0 1.46 0.78 0.31
05-09 09:26:31 2330M    0     0   785M    0     0   20 1.4  79   0   0   0 1.42 0.78 0.31
05-09 09:26:32 2330M    0     0   785M    0     0   26 1.7  72   0   0   0 1.42 0.78 0.31
05-09 09:26:33 2316M    0     0   799M 1781 8757  27 1.2   - 408   0   0 1.42 0.78 0.31
05-09 09:26:34 2343M    0     0   772M    0     0   17 1.5 463   -   0   0 1.42 0.78 0.31
05-09 09:26:35 2281M    0     0   834M 1435 1353  25 1.9  73   0   0   0 1.42 0.78 0.31
05-09 09:26:36 2358M    0     0   757M    0     0   28 1.1  71   0   0   0 1.47 0.80 0.32
05-09 09:26:37 2300M    0     0   815M    0     0   16 1.3  83   0   0   0 1.47 0.80 0.32
05-09 09:26:38 2281M    0     0   834M 1417 1335  15 1.3  83   0   0   0 1.47 0.80 0.32
05-09 09:26:39 2319M    0     0   796M    0     0   13 1.2  86   0   0   0 1.47 0.80 0.32
05-09 09:26:40 2311M    0     0   803M    0     0   14 1.7  84   0   0   0 1.47 0.80 0.32
05-09 09:26:41 2290M    0     0   824M 1417 1335  15 1.3  83   0   0   0 1.43 0.81 0.32
05-09 09:26:42 2311M    0     0   804M    0     0   15 1.7  84   0   0   0 1.43 0.81 0.32
05-09 09:26:43 2280M    0     0   835M 2553 8615  15 1.7  83   0   0   0 1.43 0.81 0.32
05-09 09:26:44 2309M    0     0   806M    0     0   14 2.0  84   0   0   0 1.43 0.81 0.32
05-09 09:26:45 2246M    0     0   869M 1416 1334  14 2.2  84   0   0   0 1.43 0.81 0.32
05-09 09:26:46 2297M    0     0   817M    0     0   16 1.0  83   0   0   0 1.40 0.81 0.32
05-09 09:26:47 2247M    0     0   867M 1398 1316  14 2.0  84   0   0   0 1.40 0.81 0.32
05-09 09:26:48 2297M    0     0   817M    0     0   16 0.7  83   0   0   0 1.40 0.81 0.32
05-09 09:26:49 2302M    0     0   813M    0     0   13 1.9  85   0   0   0 1.40 0.81 0.32
05-09 09:26:50 2283M    0     0   832M 1417 1335  15 1.5  83   0   0   0 1.40 0.81 0.32
05-09 09:26:51 2300M    0     0   815M    0     0   15 0.8  84   0   0   0 1.36 0.81 0.33
05-09 09:26:52 2280M    0     0   834M 1417 1335  17 2.2  80   0   0   0 1.36 0.81 0.33
05-09 09:26:53 2325M    0     0   789M  416 8836  27 1.1   - 407   0   0 1.36 0.81 0.33
05-09 09:26:54 2337M    0     0   777M    0     0   26 1.4 411   -   0   0 1.36 0.81 0.33
05-09 09:26:55 2286M    0     0   829M 1417 1335  26 2.4  72   0   0   0 1.36 0.81 0.33
05-09 09:26:56 2306M    0     0   809M    0     0   15 1.8  83   0   0   0 1.33 0.81 0.33
05-09 09:26:57 2260M    0     0   855M 1423 1341  15 1.7  83   0   0   0 1.33 0.81 0.33
05-09 09:26:58 2300M    0     0   814M    0     0   14 0.7   - 483   0   0 1.33 0.81 0.33
05-09 09:26:59 2311M    0     0   804M    0     0  9.8 1.4 503   -   0   0 1.33 0.81 0.33
05-09 09:27:00 2263M    0     0   851M 1457 1423  15 1.8  83   0   0   0 1.33 0.81 0.33
05-09 09:27:01 2307M    0     0   808M    0     0   16 0.8  83   0   0   0 1.31 0.82 0.33
05-09 09:27:02 2264M    0     0   850M 1399 1317  14 2.5  83   0   0   0 1.31 0.82 0.33
05-09 09:27:03 2304M    0     0   810M  364 7439  15 0.8  84   0   0   0 1.31 0.82 0.33
05-09 09:27:04 2307M    0     0   808M  168 1060  15 2.0  83   0   0   0 1.31 0.82 0.33
05-09 09:27:05 2288M    0     0   826M 1708 1434  15 1.3  83   0   0   0 1.31 0.82 0.33
05-09 09:27:06 2305M    0     0   809M 1132  924  15 1.5  84   0   0   0 1.36 0.84 0.34
05-09 09:27:07 2288M    0     0   826M 1400 1318  16 1.0  83   0   0   0 1.36 0.84 0.34
05-09 09:27:08 2308M    0     0   807M  408  252  15 0.5  85   0   0   0 1.36 0.84 0.34
05-09 09:27:09 2310M    0     0   804M    0     0   15 1.3  84   0   0   0 1.36 0.84 0.34
05-09 09:27:10 2311M    0     0   803M 84.0 52.0  16 0.3  83   0   0   0 1.36 0.84 0.34
05-09 09:27:11 2312M    0     0   803M  328  856  16 0.8  83   0   0   0 1.33 0.84 0.35
05-09 09:27:12 2320M    0     0   795M  220  428  16 0.8  83   0   0   0 1.33 0.84 0.35
05-09 09:27:13 2314M    0     0   801M 1677 6847  19 1.6  80   0   0   0 1.33 0.84 0.35
05-09 09:27:14 2329M    0     0   785M  272  400  27 2.0  71   0   0   0 1.33 0.84 0.35
05-09 09:27:15 2299M    0     0   816M 1416 1334  26 2.0  72   0   0   0 1.33 0.84 0.35
05-09 09:27:16 2366M    0     0   749M    0     0   24 1.8  74   0   0   0 1.39 0.86 0.36
05-09 09:27:17 2256M    0     0   858M 1399 1317  16 2.1  82   0   0   0 1.39 0.86 0.36
05-09 09:27:18 2299M    0     0   815M  324  380  16 0.8  84   0   0   0 1.39 0.86 0.36
05-09 09:27:19 2312M    0     0   803M  240  549  15 1.7  83   0   0   0 1.39 0.86 0.36
05-09 09:27:20 2287M    0     0   828M 1597 1527  15 1.8  83   0   0   0 1.39 0.86 0.36
05-09 09:27:21 2305M    0     0   810M 52.0 84.0  14 1.0  85   0   0   0 1.36 0.86 0.36
05-09 09:27:22 2261M    0     0   854M 1635 1761  14 2.3  83   0   0   0 1.36 0.86 0.36
05-09 09:27:23 2305M    0     0   809M  364 7433  16 1.0  83   0   0   0 1.36 0.86 0.36
05-09 09:27:24 2262M    0     0   852M 1555 1617  15 2.0  83   0   0   0 1.36 0.86 0.36
05-09 09:27:25 2306M    0     0   808M    0     0   16 0.7  83   0   0   0 1.36 0.86 0.36
05-09 09:27:26 2309M    0     0   806M  156  252  15 1.8  83   0   0   0 1.33 0.86 0.36
05-09 09:27:27 2290M    0     0   825M 1521 1567  16 0.5  83   0   0   0 1.33 0.86 0.36
05-09 09:27:28 2305M    0     0   809M  824 1220  14 1.7  84   0   0   0 1.33 0.86 0.36
05-09 09:27:29 2274M    0     0   841M 1625 1635  15 2.0  83   0   0   0 1.33 0.86 0.36
05-09 09:27:30 2310M    0     0   805M    0     0   14 1.0  85   0   0   0 1.33 0.86 0.36
05-09 09:27:31 2311M    0     0   804M  156  252  15 2.0  83   0   0   0 1.30 0.86 0.37
05-09 09:27:32 2290M    0     0   824M 1521 1567  16 1.2  83   0   0   0 1.30 0.86 0.37
05-09 09:27:33 2305M    0     0   810M  468 7590  14 1.5  85   0   0   0 1.30 0.86 0.37
05-09 09:27:34 2297M    0     0   818M 1521 1551  17 2.3  81   0   0   0 1.30 0.86 0.37
05-09 09:27:35 2327M    0     0   788M    0  84.0  27 1.4  72   0   0   0 1.30 0.86 0.37
05-09 09:27:36 2329M    0     0   785M  156  168  26 2.2  72   0   0   0 1.36 0.88 0.37
05-09 09:27:37 2326M    0     0   789M 1451 1449  27 1.4  71   0   0   0 1.36 0.88 0.37
05-09 09:27:38 2344M    0     0   771M  104  168  25 1.3  74   0   0   0 1.36 0.88 0.37
05-09 09:27:39 2323M    0     0   791M 1490 1536  27 1.3  72   0   0   0 1.36 0.88 0.37
05-09 09:27:40 2336M    0     0   779M 52.0  168  26 1.2  72   0   0   0 1.36 0.88 0.37
05-09 09:27:41 2303M    0     0   812M 1624 1650  27 1.9  71   0   0   0 1.33 0.88 0.38
05-09 09:27:42 2343M    0     0   771M    0     0   27 0.9  72   0   0   0 1.33 0.88 0.38
05-09 09:27:43 2300M    0     0   815M 1971 9287  27 1.4  71   0   0   0 1.33 0.88 0.38
05-09 09:27:44 2354M    0     0   761M    0     0   28 1.6  71   0   0   0 1.33 0.88 0.38
05-09 09:27:45 2310M    0     0   805M  156  252  17 2.1  81   0   0   0 1.33 0.88 0.38
05-09 09:27:46 2290M    0     0   825M 1520 1566  15 1.5  83   0   0   0 1.30 0.89 0.38
05-09 09:27:47 2302M    0     0   812M 52.0  168  14 1.4  85   0   0   0 1.30 0.89 0.38
05-09 09:27:48 2288M    0     0   827M 1555 1533  15 1.8  83   0   0   0 1.30 0.89 0.38
05-09 09:27:49 2312M    0     0   803M 52.0  168  15 1.2  84   0   0   0 1.30 0.89 0.38
05-09 09:27:50 2268M    0     0   847M 1573 1567  15 2.0  83   0   0   0 1.30 0.89 0.38
05-09 09:27:51 2305M    0     0   810M    0     0   15 0.8  85   0   0   0 1.28 0.89 0.38
05-09 09:27:52 2307M    0     0   808M  156  252  15 2.0  83   0   0   0 1.28 0.89 0.38
05-09 09:27:53 2289M    0     0   826M 1885 10.0.001953125  15 2.0  83   0   0   0 1.28 0.89 0.38
05-09 09:27:54 2301M    0     0   814M 52.0  168  14 1.2  85   0   0   0 1.28 0.89 0.38
05-09 09:27:55 2292M    0     0   823M 1625 1651  17 2.6  81   0   0   0 1.28 0.89 0.38
05-09 09:27:56 2333M    0     0   782M  772 1104  31 1.2  68   0   0   0 1.41 0.92 0.40
05-09 09:27:57 2334M    0     0   781M  156  252  26 1.9  72   0   0   0 1.41 0.92 0.40
05-09 09:27:58 2323M    0     0   792M 1521 1567  27 1.7  71   0   0   0 1.41 0.92 0.40
05-09 09:27:59 2341M    0     0   773M 52.0 84.0  26 1.3  73   0   0   0 1.41 0.92 0.40
05-09 09:28:00 2319M    0     0   795M 1608 1750  27 1.4  72   0   0   0 1.41 0.92 0.40
05-09 09:28:01 2342M    0     0   773M 52.0  100  27 0.9  72   0   0   0 1.46 0.94 0.41
05-09 09:28:02 2298M    0     0   816M 1625 1735  27 2.1  71   0   0   0 1.46 0.94 0.41
05-09 09:28:03 2339M    0     0   776M  364 7422  27 0.7  72   0   0   0 1.46 0.94 0.41
05-09 09:28:04 2340M    0     0   774M  156  336  26 2.1  72   0   0   0 1.46 0.94 0.41
05-09 09:28:05 2340M    0     0   775M 1520 1566  27 1.6  71   0   0   0 1.46 0.94 0.41
05-09 09:28:06 2307M    0     0   807M    0     0  9.0 1.4  90   0   0   0 1.42 0.94 0.41
05-09 09:28:07 2261M    0     0   854M 1606 1716  15 2.2  83   0   0   0 1.42 0.94 0.41
05-09 09:28:08 2301M    0     0   814M    0     0   15 0.5  85   0   0   0 1.42 0.94 0.41
05-09 09:28:09 2252M    0     0   863M 1555 1617  14 2.0  84   0   0   0 1.42 0.94 0.41
05-09 09:28:10 2300M    0     0   814M    0     0   16 1.3  83   0   0   0 1.42 0.94 0.41
05-09 09:28:11 2307M    0     0   808M  104  168  14 2.0  84   0   0   0 1.39 0.94 0.41
05-09 09:28:12 2285M    0     0   829M 1519 1549  15 2.3  83   0   0   0 1.39 0.94 0.41
05-09 09:28:13 2306M    0     0   809M  364 7288  15 1.3  84   0   0   0 1.39 0.94 0.41
05-09 09:28:14 2284M    0     0   831M 1503 1533  15 2.0  83   0   0   0 1.39 0.94 0.41
05-09 09:28:15 2301M    0     0   813M 52.0 84.0  15 1.3   - 477   0   0 1.39 0.94 0.41
05-09 09:28:16 2271M    0     0   844M 1624 1734  16 2.3 465   -   0   0 1.36 0.94 0.41
05-09 09:28:17 2322M    0     0   793M  334 1032  27 1.4  71   0   0   0 1.36 0.94 0.41
05-09 09:28:18 2274M    0     0   841M 1607 1717  27 2.0  71   0   0   0 1.36 0.94 0.41
05-09 09:28:19 2323M    0     0   791M    0     0   24 1.6  74   0   0   0 1.36 0.94 0.41
05-09 09:28:20 2312M    0     0   802M  104  168  23 2.8  74   0   0   0 1.36 0.94 0.41
05-09 09:28:21 2281M    0     0   834M 1566 1644  15 2.2  83   0   0   0 1.33 0.94 0.42
05-09 09:28:22 2310M    0     0   805M 52.0 84.0  15 1.2  83   0   0   0 1.33 0.94 0.42
05-09 09:28:23 2249M    0     0   865M 1948 9214  14 2.3  84   0   0   0 1.33 0.94 0.42
05-09 09:28:24 2299M    0     0   816M    0     0   16 1.3  83   0   0   0 1.33 0.94 0.42
05-09 09:28:25 2303M    0     0   811M  104  168  14 1.9  84   0   0   0 1.33 0.94 0.42
05-09 09:28:26 2284M    0     0   831M 1521 1551  15 1.5  83   0   0   0 1.30 0.94 0.42
05-09 09:28:27 2313M    0     0   802M 52.0 84.0  15 1.2  84   0   0   0 1.30 0.94 0.42
05-09 09:28:28 2251M    0     0   863M 1572 1634  14 2.3  83   0   0   0 1.30 0.94 0.42
05-09 09:28:29 2300M    0     0   814M    0     0   15 1.3  83   0   0   0 1.30 0.94 0.42
05-09 09:28:30 2312M    0     0   802M  104  168  12 1.9  86   0   0   0 1.30 0.94 0.42
05-09 09:28:31 2291M    0     0   823M 1503 1549  15 1.7  83   0   0   0 1.28 0.94 0.42
05-09 09:28:32 2312M    0     0   803M  104  168  15 1.2  84   0   0   0 1.28 0.94 0.42
05-09 09:28:33 2280M    0     0   834M 1885 9132  15 1.5  83   0   0   0 1.28 0.94 0.42
05-09 09:28:34 2310M    0     0   805M 52.0 84.0  15 1.3  84   0   0   0 1.28 0.94 0.42
05-09 09:28:35 2252M    0     0   862M 1674 1704  15 2.2  83   0   0   0 1.28 0.94 0.42
05-09 09:28:36 2301M    0     0   814M    0     0   16 1.3  83   0   0   0 1.26 0.94 0.43
05-09 09:28:37 2307M    0     0   807M 1028 2489  14 2.0   - 477   0   0 1.26 0.94 0.43
05-09 09:28:38 2295M    0     0   820M 1417 1335  26 1.3 414   -   0   0 1.26 0.94 0.43
05-09 09:28:39 2334M    0     0   780M    0     0   27 1.0  72   0   0   0 1.26 0.94 0.43
05-09 09:28:40 2336M    0     0   779M    0     0   25 1.9  73   0   0   0 1.26 0.94 0.43
05-09 09:28:41 2289M    0     0   826M 1721 2391  25 2.5  73   0   0   0 1.32 0.96 0.43
05-09 09:28:42 2310M    0     0   805M    0     0   14 1.5  84   0   0   0 1.32 0.96 0.43
05-09 09:28:43 2264M    0     0   850M 1781 8792  15 2.0  83   0   0   0 1.32 0.96 0.43
05-09 09:28:44 2302M    0     0   813M    0     0   15 0.8   - 481   0   0 1.32 0.96 0.43
05-09 09:28:45 2302M    0     0   812M    0     0   15 2.3 471   -   0   0 1.32 0.96 0.43
05-09 09:28:46 2288M    0     0   826M 1417 1335  15 1.5  83   0   0   0 1.29 0.96 0.44
05-09 09:28:47 2312M    0     0   803M    0     0   15 1.3  84   0   0   0 1.29 0.96 0.44
05-09 09:28:48 2269M    0     0   846M 1723 2109  15 2.0  83   0   0   0 1.29 0.96 0.44
05-09 09:28:49 2313M    0     0   802M 84.0 52.0  16 1.0  83   0   0   0 1.29 0.96 0.44
05-09 09:28:50 2271M    0     0   844M 1729 2191  15 2.0  83   0   0   0 1.29 0.96 0.44
05-09 09:28:51 2311M    0     0   804M    0     0   15 1.2  84   0   0   0 1.27 0.96 0.44
05-09 09:28:52 2267M    0     0   848M 1555 1633  14 2.2  83   0   0   0 1.27 0.96 0.44
05-09 09:28:53 2308M    0     0   807M  416 8818  15 1.2  84   0   0   0 1.27 0.96 0.44
05-09 09:28:54 2311M    0     0   804M  104  252  15 2.2  83   0   0   0 1.27 0.96 0.44
05-09 09:28:55 2291M    0     0   824M 1538 1500  15 1.3  84   0   0   0 1.27 0.96 0.44
05-09 09:28:56 2307M    0     0   808M  104  168  14 2.0  84   0   0   0 1.25 0.96 0.44
05-09 09:28:57 2275M    0     0   840M 1519 1549  15 1.8  83   0   0   0 1.25 0.96 0.44
05-09 09:28:58 2310M    0     0   804M    0     0   13 1.7  85   0   0   0 1.25 0.96 0.44
05-09 09:28:59 2290M    0     0   825M 1555 1617  27 2.1  71   0   0   0 1.25 0.96 0.44
05-09 09:29:00 2329M    0     0   786M 52.0  100  23 1.1   - 433   0   0 1.25 0.96 0.44
05-09 09:29:01 2345M    0     0   770M  104  184  19 2.2 446   -   0   0 1.31 0.98 0.45
05-09 09:29:02 2324M    0     0   791M 1521 1551  24 1.8  74   0   0   0 1.31 0.98 0.45
05-09 09:29:03 2311M    0     0   804M  416 7523  26 1.9  72   0   0   0 1.31 0.98 0.45
05-09 09:29:04 2246M    0     0   868M 1538 1752  14 1.9  84   0   0   0 1.31 0.98 0.45
05-09 09:29:05 2297M    0     0   817M  104    0   16 1.3  83   0   0   0 1.31 0.98 0.45
05-09 09:29:06 2312M    0     0   803M  104  168  13 2.0  85   0   0   0 1.36 1.00 0.46
05-09 09:29:07 2279M    0     0   836M 1520 1550  14 2.2  83   0   0   0 1.36 1.00 0.46
05-09 09:29:08 2313M    0     0   801M    0  84.0  15 0.7  85   0   0   0 1.36 1.00 0.46
05-09 09:29:09 2269M    0     0   846M 1555 1533  15 2.0  83   0   0   0 1.36 1.00 0.46
05-09 09:29:10 2308M    0     0   806M    0     0   15 0.8  84   0   0   0 1.36 1.00 0.46
05-09 09:29:11 2308M    0     0   807M  156  252  14 2.3  84   0   0   0 1.33 1.00 0.46
05-09 09:29:12 2290M    0     0   825M 1469 1467  15 1.3  83   0   0   0 1.33 1.00 0.46
05-09 09:29:13 2312M    0     0   803M  416 7523  14 1.7  85   0   0   0 1.33 1.00 0.46
05-09 09:29:14 2268M    0     0   847M 1625 1735  15 2.2  83   0   0   0 1.33 1.00 0.46
05-09 09:29:15 2303M    0     0   812M    0     0   15 1.3  84   0   0   0 1.33 1.00 0.46
05-09 09:29:16 2303M    0     0   812M  104  168  14 1.8  84   0   0   0 1.30 1.00 0.46
05-09 09:29:17 2275M    0     0   840M 1520 1550  15 1.7  83   0   0   0 1.30 1.00 0.46
05-09 09:29:18 2305M    0     0   809M    0  84.0  16 1.2  83   0   0   0 1.30 1.00 0.46
05-09 09:29:19 2274M    0     0   841M 1606 1632  15 2.0  83   0   0   0 1.30 1.00 0.46
05-09 09:29:20 2334M    0     0   780M    0     0   26 2.2  72   0   0   0 1.30 1.00 0.46
05-09 09:29:21 2293M    0     0   821M 1555 1633  26 2.1  71   0   0   0 1.36 1.01 0.47
05-09 09:29:22 2336M    0     0   778M    0     0   26 0.9  73   0   0   0 1.36 1.01 0.47
05-09 09:29:23 2306M    0     0   808M  468 7656  18 2.4  80   0   0   0 1.36 1.01 0.47
05-09 09:29:24 2289M    0     0   826M 1520 1466  15 1.3  83   0   0   0 1.36 1.01 0.47
05-09 09:29:25 2313M    0     0   802M 52.0 84.0  15 1.5  83   0   0   0 1.36 1.01 0.47
05-09 09:29:26 2288M    0     0   827M 1503 1533  16 1.5  83   0   0   0 1.33 1.01 0.47
05-09 09:29:27 2308M    0     0   806M 52.0 84.0  15 1.0  84   0   0   0 1.33 1.01 0.47
05-09 09:29:28 2264M    0     0   850M 1677 1819  15 1.8  83   0   0   0 1.33 1.01 0.47
05-09 09:29:29 2305M    0     0   810M    0     0   15 0.8  84   0   0   0 1.33 1.01 0.47
05-09 09:29:30 2306M    0     0   808M  104  252  14 2.7  83   0   0   0 1.33 1.01 0.47
05-09 09:29:31 2290M    0     0   825M 1573 1567  16 1.2  83   0   0   0 1.30 1.01 0.48
05-09 09:29:32 2311M    0     0   804M 52.0 84.0  14 1.7  85   0   0   0 1.30 1.01 0.48
05-09 09:29:33 2267M    0     0   848M 2040 9356  15 2.2  83   0   0   0 1.30 1.01 0.48
05-09 09:29:34 2307M    0     0   807M    0     0   15 0.8  84   0   0   0 1.30 1.01 0.48
05-09 09:29:35 2264M    0     0   851M 1554 1616  16 1.7  83   0   0   0 1.30 1.01 0.48
05-09 09:29:36 2302M    0     0   812M    0     0   15 0.7  85   0   0   0 1.28 1.01 0.48
05-09 09:29:37 2259M    0     0   856M 1555 1617  14 2.5  83   0   0   0 1.28 1.01 0.48
05-09 09:29:38 2302M    0     0   812M    0     0   16 1.0   - 473   0   0 1.28 1.01 0.48
05-09 09:29:39 2308M    0     0   807M  188  220  14 1.9 478   -   0   0 1.28 1.01 0.48
05-09 09:29:40 2286M    0     0   828M 1573 1651  15 1.7  83   0   0   0 1.28 1.01 0.48
05-09 09:29:41 2329M    0     0   785M 52.0 84.0  26 2.0  72   0   0   0 1.34 1.03 0.49
05-09 09:29:42 2286M    0     0   829M 1572 1634  26 1.7  72   0   0   0 1.34 1.03 0.49
05-09 09:29:43 2333M    0     0   781M  416 8818  25 0.9   - 421   0   0 1.34 1.03 0.49
05-09 09:29:44 2246M    0     0   868M 1503 1717  19 2.4 446   -   0   0 1.34 1.03 0.49
05-09 09:29:45 2298M    0     0   817M  104    0   16 1.0  83   0   0   0 1.34 1.03 0.49
05-09 09:29:46 2304M    0     0   811M  944 1228  14 2.2  83   0   0   0 1.31 1.03 0.49
05-09 09:29:47 2285M    0     0   830M 1521 1551  15 1.7  83   0   0   0 1.31 1.03 0.49
05-09 09:29:48 2303M    0     0   811M 52.0 84.0  15 1.2  84   0   0   0 1.31 1.03 0.49
05-09 09:29:49 2259M    0     0   855M 1573 1635  15 1.8  83   0   0   0 1.31 1.03 0.49
05-09 09:29:50 2302M    0     0   812M    0     0   15 1.3  84   0   0   0 1.31 1.03 0.49
05-09 09:29:51 2258M    0     0   856M 1556 1618  15 2.5  83   0   0   0 1.28 1.03 0.49
05-09 09:29:52 2349M    0     0   766M    0     0   15 1.3  83   0   0   0 1.28 1.03 0.49
05-09 09:29:53 2259M    0     0   856M 1920 9022  15 2.0  83   0   0   0 1.28 1.03 0.49
05-09 09:29:54 2303M    0     0   811M    0     0   15 0.8   - 477   0   0 1.28 1.03 0.49
05-09 09:29:55 2313M    0     0   801M  104  168  15 2.0 473   -   0   0 1.28 1.03 0.49
05-09 09:29:56 2169M    0     0   946M  729  899 4.2 1.5  94   0   0   0 1.18 1.01 0.49
05-09 09:29:57 2169M    0     0   946M    0     0  0.2   0 100   0   0   0 1.18 1.01 0.49
05-09 09:29:58 2169M    0     0   946M    0     0  0.2 0.4  99   0   0   0 1.18 1.01 0.49
05-09 09:29:59 2169M    0     0   946M    0     0    0 0.2 100   0   0   0 1.18 1.01 0.49
05-09 09:30:00 2169M    0     0   946M 52.0  100   0   0 100   0   0   0 1.18 1.01 0.49
05-09 09:30:01 2169M    0     0   946M    0     0    0 0.2 100   0   0   0 1.09 0.99 0.49
05-09 09:30:02 2195M    0     0   920M  220 1020  15 1.0  84   0   0   0 1.09 0.99 0.49
05-09 09:30:03 2196M    0     0   918M  292 3558  16 0.2   - 478   0   0 1.09 0.99 0.49
05-09 09:30:04 2198M    0     0   917M    0     0   11 0.5 500   -   0   0 1.09 0.99 0.49
05-09 09:30:05 2169M    0     0   946M  188  748  11 1.1  88   0   0   0 1.09 0.99 0.49
05-09 09:30:06 2169M    0     0   946M 52.0  116 0.2   0 100   0   0   0 1.00 0.98 0.48
05-09 09:30:07 2169M    0     0   946M 52.0  100   0 0.2 100   0   0   0 1.00 0.98 0.48
05-09 09:30:08 2169M    0     0   946M 52.0  100 0.2 0.2 100   0   0   0 1.00 0.98 0.48
05-09 09:30:09 2169M    0     0   946M 52.0  100   0   0 100   0   0   0 1.00 0.98 0.48
05-09 09:30:10 2169M    0     0   946M 52.0  100 0.4 0.4  99   0   0   0 1.00 0.98 0.48
05-09 09:30:11 2169M    0     0   946M 52.0  100 0.2 0.2 100   0   0   0 0.92 0.96 0.48
05-09 09:30:12 2169M    0     0   946M 52.0  100   0   0 100   0   0   0 0.92 0.96 0.48
05-09 09:30:13 2169M    0     0   946M 52.0  100 0.4 0.2  99   0   0   0 0.92 0.96 0.48
05-09 09:30:14 2169M    0     0   946M 52.0  100 0.2 0.2 100   0   0   0 0.92 0.96 0.48
05-09 09:30:15 2169M    0     0   946M 52.0  100   0   0 100   0   0   0 0.92 0.96 0.48
05-09 09:30:16 2169M    0     0   946M  824 1136 0.4 0.4  99   0   0   0 0.85 0.94 0.48
05-09 09:30:17 2169M    0     0   946M 52.0  100 0.2 0.2 100   0   0   0 0.85 0.94 0.48
05-09 09:30:18 2169M    0     0   946M 52.0  100 0.2   0 100   0   0   0 0.85 0.94 0.48
05-09 09:30:19 2169M    0     0   946M 52.0  100   0 0.4 100   0   0   0 0.85 0.94 0.48
05-09 09:30:20 2169M    0     0   946M 52.0  100 0.2   0 100   0   0   0 0.85 0.94 0.48
05-09 09:30:21 2169M    0     0   946M 52.0  100 0.2 0.2 100   0   0   0 0.78 0.93 0.47
05-09 09:30:22 2169M    0     0   946M 52.0  100 0.6   0  99   0   0   0 0.78 0.93 0.47
05-09 09:30:23 2195M    0     0   920M 52.0  164  13 0.5  86   0   0   0 0.78 0.93 0.47
05-09 09:30:24 2195M    0     0   920M 52.0  100  17 0.3  83   0   0   0 0.78 0.93 0.47
05-09 09:30:25 2197M    0     0   918M 52.0  100  13 1.0   - 491   0   0 0.78 0.93 0.47
05-09 09:30:26 2169M    0     0   946M 52.0  116  13 1.5 484   -   0   0 0.80 0.93 0.48
05-09 09:30:27 2169M    0     0   946M 52.0  100 0.2 0.2 100   0   0   0 0.80 0.93 0.48
05-09 09:30:28 2169M    0     0   946M 52.0  100 0.4 0.2  99   0   0   0 0.80 0.93 0.48
05-09 09:30:29 2169M    0     0   946M 52.0  100   0   0 100   0   0   0 0.80 0.93 0.48
05-09 09:30:30 2169M    0     0   946M 52.0  100 0.2 0.2 100   0   0   0 0.80 0.93 0.48
05-09 09:30:31 2169M    0     0   946M 52.0  100 0.4 0.4  99   0   0   0 0.73 0.91 0.47
05-09 09:30:32 2169M    0     0   946M 52.0  100   0   0 100   0   0   0 0.73 0.91 0.47
05-09 09:30:33 2169M    0     0   946M 52.0  100 0.2 0.2 100   0   0   0 0.73 0.91 0.47
05-09 09:30:34 2169M    0     0   946M 52.0  100 0.2 0.4  99   0   0   0 0.73 0.91 0.47
05-09 09:30:35 2169M    0     0   946M 52.0  100   0   0 100   0   0   0 0.73 0.91 0.47
05-09 09:30:36 2169M    0     0   946M  824 1152   0 0.4 100   0   0   0 0.67 0.90 0.47
05-09 09:30:37 2169M    0     0   946M 52.0  100 0.2 0.4  99   0   0   0 0.67 0.90 0.47
05-09 09:30:38 2169M    0     0   946M 52.0  100 0.4   0 100   0   0   0 0.67 0.90 0.47
05-09 09:30:39 2169M    0     0   946M 52.0  100   0 0.2 100   0   0   0 0.67 0.90 0.47
05-09 09:30:40 2169M    0     0   946M 52.0  100 0.2 0.4  99   0   0   0 0.67 0.90 0.47
05-09 09:30:41 2169M    0     0   946M 52.0  100 0.2   0 100   0   0   0 0.62 0.88 0.47
05-09 09:30:42 2169M    0     0   946M 52.0  100   0 0.2 100   0   0   0 0.62 0.88 0.47
05-09 09:30:43 2169M    0     0   946M  372  428 0.6 0.4  99   0   0   0 0.62 0.88 0.47
05-09 09:30:44 2195M    0     0   920M  104  248  12 0.9  87   0   0   0 0.62 0.88 0.47
05-09 09:30:45 2195M    0     0   920M 52.0  100  17 0.3  83   0   0   0 0.62 0.88 0.47
05-09 09:30:46 2199M    0     0   916M 52.0  100  12 0.5  88   0   0   0 0.65 0.88 0.47
05-09 09:30:47 2200M    0     0   915M 52.0  100  15 0.2  85   0   0   0 0.65 0.88 0.47
05-09 09:30:48 2169M    0     0   946M 52.0  100 2.7 1.2  96   0   0   0 0.65 0.88 0.47
05-09 09:30:49 2169M    0     0   946M  840 1104 0.2 0.6  99   0   0   0 0.65 0.88 0.47
05-09 09:30:50 2169M    0     0   946M 52.0  100 0.2   0 100   0   0   0 0.65 0.88 0.47
05-09 09:30:51 2169M    0     0   946M 52.0  100 0.2 0.2 100   0   0   0 0.60 0.87 0.47
05-09 09:30:52 2169M    0     0   946M 52.0  100 0.2   0 100   0   0   0 0.60 0.87 0.47
05-09 09:30:53 2169M    0     0   946M 52.0  100   0   0 100   0   0   0 0.60 0.87 0.47
05-09 09:30:54 2169M    0     0   946M 52.0  100 0.4 0.2  99   0   0   0 0.60 0.87 0.47
05-09 09:30:55 2169M    0     0   946M 52.0  100   0   0 100   0   0   0 0.60 0.87 0.47
05-09 09:30:56 2169M    0     0   946M 52.0  100 0.2   0 100   0   0   0 0.55 0.85 0.46
05-09 09:30:57 2169M    0     0   946M    0     0  0.2 0.2 100   0   0   0 0.55 0.85 0.46
05-09 09:30:58 2169M    0     0   946M 52.0  132   0   0 100   0   0   0 0.55 0.85 0.46
05-09 09:30:59 2169M    0     0   946M 52.0  100 0.4 0.2  99   0   0   0 0.55 0.85 0.46
05-09 09:31:00 2169M    0     0   946M  104  200 0.2 0.2 100   0   0   0 0.55 0.85 0.46
05-09 09:31:01 2169M    0     0   946M 52.0  100   0   0 100   0   0   0 0.50 0.84 0.46
05-09 09:31:02 2169M    0     0   946M 52.0  100 0.2 0.2 100   0   0   0 0.50 0.84 0.46
05-09 09:31:03 2169M    0     0   946M  136  184 0.2 0.4  99   0   0   0 0.50 0.84 0.46
05-09 09:31:04 2169M    0     0   946M 52.0 84.0   0 0.2 100   0   0   0 0.50 0.84 0.46
05-09 09:31:05 2195M    0     0   920M 52.0  148  11 0.7  88   0   0   0 0.50 0.84 0.46
05-09 09:31:06 2195M    0     0   920M 52.0  100  17 0.3  83   0   0   0 0.54 0.84 0.46
05-09 09:31:07 2197M    0     0   917M 52.0  100  14 0.2   - 486   0   0 0.54 0.84 0.46
05-09 09:31:08 2169M    0     0   946M 52.0  100  11 1.1 498   -   0   0 0.54 0.84 0.46
05-09 09:31:09 2169M    0     0   946M 52.0  100   0 0.4 100   0   0   0 0.54 0.84 0.46
05-09 09:31:10 2169M    0     0   946M 52.0  100   0   0 100   0   0   0 0.54 0.84 0.46
05-09 09:31:11 2169M    0     0   946M 52.0  100 0.4 0.2  99   0   0   0 0.50 0.83 0.46
05-09 09:31:12 2169M    0     0   946M 52.0  100   0 0.2 100   0   0   0 0.50 0.83 0.46
05-09 09:31:13 2169M    0     0   946M 52.0  100 0.2   0 100   0   0   0 0.50 0.83 0.46
05-09 09:31:14 2169M    0     0   946M 52.0  100 0.2 0.2 100   0   0   0 0.50 0.83 0.46
05-09 09:31:15 2169M    0     0   946M 52.0  100 0.2 0.4  99   0   0   0 0.50 0.83 0.46
05-09 09:31:16 2169M    0     0   946M    0     0    0   0 100   0   0   0 0.46 0.81 0.46
05-09 09:31:17 2169M    0     0   946M 52.0  132 0.2 0.2 100   0   0   0 0.46 0.81 0.46
05-09 09:31:18 2169M    0     0   946M 52.0  100 0.2 0.2 100   0   0   0 0.46 0.81 0.46
05-09 09:31:19 2169M    0     0   946M 52.0  100 0.2   0 100   0   0   0 0.46 0.81 0.46
05-09 09:31:20 2169M    0     0   946M 52.0  100 0.2 0.2 100   0   0   0 0.46 0.81 0.46
05-09 09:31:21 2169M    0     0   946M 52.0  100 0.2 0.2 100   0   0   0 0.42 0.80 0.46
05-09 09:31:22 2169M    0     0   946M 52.0  100 0.2   0 100   0   0   0 0.42 0.80 0.46
05-09 09:31:23 2169M    0     0   946M 52.0 84.0 0.2   0 100   0   0   0 0.42 0.80 0.46
05-09 09:31:24 2169M    0     0   946M    0     0    0 0.4 100   0   0   0 0.42 0.80 0.46
05-09 09:31:25 2195M    0     0   920M 52.0  132  10 0.5  89   0   0   0 0.42 0.80 0.46
05-09 09:31:26 2195M    0     0   920M    0     0   17 0.5  83   0   0   0 0.47 0.80 0.46
05-09 09:31:27 2196M    0     0   918M 52.0  132  16 0.5  84   0   0   0 0.47 0.80 0.46
05-09 09:31:28 2169M    0     0   946M    0     0  5.3 0.9  94   0   0   0 0.47 0.80 0.46
05-09 09:31:29 2169M    0     0   946M    0     0  0.2 0.2 100   0   0   0 0.47 0.80 0.46
05-09 09:31:30 2169M    0     0   946M    0     0  0.2 0.4  99   0   0   0 0.47 0.80 0.46
05-09 09:31:31 2169M    0     0   946M    0     0    0   0 100   0   0   0 0.43 0.79 0.45
05-09 09:31:32 2169M    0     0   946M    0     0  0.2 0.2 100   0   0   0 0.43 0.79 0.45
05-09 09:31:33 2169M    0     0   946M    0     0  0.2 0.4  99   0   0   0 0.43 0.79 0.45
05-09 09:31:34 2169M    0     0   946M 84.0 52.0 0.2   0 100   0   0   0 0.43 0.79 0.45
05-09 09:31:35 2169M    0     0   946M  136  424 0.2 0.2 100   0   0   0 0.43 0.79 0.45
05-09 09:31:36 2169M    0     0   946M  136  100 0.2   0 100   0   0   0 0.40 0.78 0.45
05-09 09:31:37 2169M    0     0   946M  136  132 0.2 0.2 100   0   0   0 0.40 0.78 0.45
05-09 09:31:38 2169M    0     0   946M 84.0 52.0   0 0.4 100   0   0   0 0.40 0.78 0.45
05-09 09:31:39 2169M    0     0   946M  136  216   0   0 100   0   0   0 0.40 0.78 0.45
05-09 09:31:40 2169M    0     0   946M  272  512 0.2 0.4  99   0   0   0 0.40 0.78 0.45
05-09 09:31:41 2169M    0     0   946M    0     0  0.2 0.4  99   0   0   0 0.36 0.76 0.45
05-09 09:31:42 2171M    0     0   944M  136  100   0   0   - 569   0   0 0.36 0.76 0.45
