05-09 12:15:35 2104M 0 0 1011M 0 0 0.2 0.0 100 0.0 0 0 0.02 0.01 0.03
05-09 12:15:36 2104M 0 0 1011M 188 52.0 0.2 0 100 0 0 0 0.02 0.01 0.03
05-09 12:15:37 2104M 0 0 1011M 136 936 0 0 100 0 0 0 0.02 0.01 0.03
05-09 12:15:38 2104M 0 0 1011M 908 1152 0 0.2 100 0 0 0 0.02 0.01 0.03
05-09 12:15:39 2157M 0 0 958M 220 136 12 1.2 87 0 0 0 0.10 0.03 0.03
05-09 12:15:40 2168M 0 0 947M 188 572 17 0.2 83 0 0 0 0.10 0.03 0.03
05-09 12:15:41 2167M 0 0 947M 84.0 100 17 0 83 0 0 0 0.10 0.03 0.03
05-09 12:15:42 2167M 0 0 947M 240 232 17 0.2 83 0 0 0 0.10 0.03 0.03
05-09 12:15:43 2167M 0 0 947M 0 0 17 0 83 0 0 0 0.10 0.03 0.03
05-09 12:15:44 2167M 0 0 947M 136 100 17 0 83 0 0 0 0.17 0.04 0.04
05-09 12:15:45 2167M 0 0 947M 272 200 17 0 83 0 0 0 0.17 0.04 0.04
05-09 12:15:46 2183M 0 0 931M 136 100 20 0.3 80 0 0 0 0.17 0.04 0.04
05-09 12:15:47 2232M 0 0 882M 0 0 28 1.0 71 0 0 0 0.17 0.04 0.04
05-09 12:15:48 2234M 0 0 881M 84.0 52.0 26 2.0 72 0 0 0 0.17 0.04 0.04
05-09 12:15:49 2235M 0 0 880M 908 1764 26 2.3 71 0 0 0 0.32 0.07 0.05
05-09 12:15:50 2236M 0 0 878M 52.0 148 26 2.6 71 0 0 0 0.32 0.07 0.05
05-09 12:15:51 2239M 0 0 875M 0 0 26 2.7 71 0 0 0 0.32 0.07 0.05
05-09 12:15:52 2239M 0 0 875M 104 216 26 2.7 71 0 0 0 0.32 0.07 0.05
05-09 12:15:53 2242M 0 0 873M 104 200 26 2.6 71 0 0 0 0.32 0.07 0.05
05-09 12:15:54 2243M 0 0 871M 104 300 26 2.7 71 0 0 0 0.45 0.11 0.06
05-09 12:15:55 2258M 0 0 856M 156 296 27 3.1 70 0 0 0 0.45 0.11 0.06
05-09 12:15:56 2262M 0 0 853M 104 200 35 2.3 63 0 0 0 0.45 0.11 0.06
05-09 12:15:57 2265M 0 0 849M 104 200 35 3.1 62 0 0 0 0.45 0.11 0.06
05-09 12:15:58 2272M 0 0 843M 104 300 30 2.8 0 380 0 0 0.45 0.11 0.06
05-09 12:15:59 2284M 0 0 831M 156 200 33 2.7 366 0 0 0 0.66 0.15 0.07
05-09 12:16:00 2286M 0 0 829M 156 300 33 3.1 0 366 0 0 0.66 0.15 0.07
05-09 12:16:01 2274M 0 0 840M 104 200 33 2.7 0 65 0 0 0.66 0.15 0.07
05-09 12:16:02 2284M 0 0 831M 104 200 32 2.4 372 0 0 0 0.66 0.15 0.07
05-09 12:16:03 2247M 0 0 868M 104 396 33 3.8 63 0 0 0 0.66 0.15 0.07
05-09 12:16:04 2269M 0 0 846M 156 200 35 2.4 62 0 0 0 0.84 0.20 0.09
05-09 12:16:05 2260M 0 0 854M 104 200 34 3.1 62 0 0 0 0.84 0.20 0.09
05-09 12:16:06 2264M 0 0 851M 104 200 31 3.0 0 374 0 0 0.84 0.20 0.09
05-09 12:16:07 2266M 0 0 848M 104 200 34 2.7 359 0 0 0 0.84 0.20 0.09
05-09 12:16:08 2267M 0 0 847M 104 300 33 2.8 64 0 0 0 0.84 0.20 0.09
05-09 12:16:09 2275M 0 0 840M 156 200 32 2.7 65 0 0 0 1.02 0.25 0.10
05-09 12:16:10 2275M 0 0 840M 104 200 34 3.0 63 0 0 0 1.02 0.25 0.10
05-09 12:16:11 2262M 0 0 852M 104 280 33 3.1 64 0 0 0 1.02 0.25 0.10
05-09 12:16:12 2263M 0 0 852M 104 200 35 2.7 62 0 0 0 1.02 0.25 0.10
05-09 12:16:13 2266M 0 0 849M 104 300 35 2.3 0 356 0 0 1.02 0.25 0.10
05-09 12:16:14 2261M 0 0 853M 156 200 33 2.8 362 0 0 0 1.17 0.29 0.12
05-09 12:16:15 2261M 0 0 853M 188 284 34 2.5 63 0 0 0 1.17 0.29 0.12
05-09 12:16:16 2235M 0 0 880M 104 200 33 3.3 64 0 0 0 1.17 0.29 0.12
05-09 12:16:17 2237M 0 0 878M 104 200 26 2.4 71 0 0 0 1.17 0.29 0.12
05-09 12:16:18 2238M 0 0 877M 104 300 26 2.7 71 0 0 0 1.17 0.29 0.12
05-09 12:16:19 2260M 0 0 854M 208 380 26 3.4 70 0 0 0 1.24 0.32 0.13
05-09 12:16:20 2266M 0 0 848M 156 284 35 2.6 62 0 0 0 1.24 0.32 0.13
05-09 12:16:21 2268M 0 0 846M 104 200 35 2.2 62 0 0 0 1.24 0.32 0.13
05-09 12:16:22 2272M 0 0 843M 104 200 34 2.4 63 0 0 0 1.24 0.32 0.13
05-09 12:16:23 2273M 0 0 842M 104 200 33 2.4 64 0 0 0 1.24 0.32 0.13
05-09 12:16:24 2272M 0 0 843M 104 300 34 2.8 63 0 0 0 1.38 0.36 0.14
05-09 12:16:25 2243M 0 0 871M 156 200 34 2.8 64 0 0 0 1.38 0.36 0.14
05-09 12:16:26 2233M 0 0 881M 104 200 26 2.7 71 0 0 0 1.38 0.36 0.14
05-09 12:16:27 2194M 0 0 921M 104 296 23 2.4 75 0 0 0 1.38 0.36 0.14
05-09 12:16:28 2194M 0 0 921M 324 1636 29 0.4 71 0 0 0 1.38 0.36 0.14
05-09 12:16:29 2194M 0 0 921M 84.0 100 28 0.1 71 0 0 0 1.43 0.39 0.15
05-09 12:16:30 2199M 0 0 915M 324 216 26 0.1 74 0 0 0 1.43 0.39 0.15
05-09 12:16:31 2200M 0 0 914M 480 1708 28 0.7 72 0 0 0 1.43 0.39 0.15
05-09 12:16:32 2200M 0 0 915M 136 524 28 0.4 72 0 0 0 1.43 0.39 0.15
05-09 12:16:33 2168M 0 0 947M 900 604 22 0.9 77 0 0 0 1.43 0.39 0.15
05-09 12:16:34 2168M 0 0 947M 1088 672 17 0 83 0 0 0 1.39 0.40 0.16
05-09 12:16:35 2168M 0 0 947M 732 792 17 0.2 83 0 0 0 1.39 0.40 0.16
05-09 12:16:36 2168M 0 0 947M 0 0 17 0 83 0 0 0 1.39 0.40 0.16
05-09 12:16:37 2168M 0 0 947M 0 0 17 0 83 0 0 0 1.39 0.40 0.16
05-09 12:16:38 2168M 0 0 947M 0 0 17 0 83 0 0 0 1.39 0.40 0.16
05-09 12:16:39 2168M 0 0 947M 0 0 17 0 83 0 0 0 1.36 0.41 0.16
05-09 12:16:40 2168M 0 0 947M 84.0 52.0 17 0 83 0 0 0 1.36 0.41 0.16
05-09 12:16:41 2168M 0 0 947M 136 680 17 0 83 0 0 0 1.36 0.41 0.16
05-09 12:16:42 2168M 0 0 947M 0 0 17 0 83 0 0 0 1.36 0.41 0.16
05-09 12:16:43 2168M 0 0 947M 0 0 17 0 83 0 0 0 1.36 0.41 0.16
05-09 12:16:44 2168M 0 0 947M 0 0 17 0 83 0 0 0 1.33 0.42 0.17
05-09 12:16:45 2168M 0 0 947M 0 0 17 0 83 0 0 0 1.33 0.42 0.17
05-09 12:16:46 2168M 0 0 947M 0 0 17 0 83 0 0 0 1.33 0.42 0.17
05-09 12:16:47 2168M 0 0 947M 0 0 17 0 83 0 0 0 1.33 0.42 0.17
05-09 12:16:48 2168M 0 0 947M 376 888 17 0.2 83 0 0 0 1.33 0.42 0.17
05-09 12:16:49 2168M 0 0 947M 84.0 52.0 17 0.2 83 0 0 0 1.31 0.43 0.17
05-09 12:16:50 2168M 0 0 947M 136 1064 17 0 83 0 0 0 1.31 0.43 0.17
05-09 12:16:51 2168M 0 0 947M 168 104 17 0 83 0 0 0 1.31 0.43 0.17
05-09 12:16:52 2168M 0 0 947M 52.0 148 17 0 83 0 0 0 1.31 0.43 0.17
05-09 12:16:53 2168M 0 0 947M 0 0 17 0 83 0 0 0 1.31 0.43 0.17
05-09 12:16:54 2168M 0 0 947M 0 0 17 0 83 0 0 0 1.28 0.44 0.17
05-09 12:16:55 2168M 0 0 947M 0 0 17 0 83 0 0 0 1.28 0.44 0.17
05-09 12:16:56 2168M 0 0 947M 0 0 17 0 83 0 0 0 1.28 0.44 0.17
05-09 12:16:57 2168M 0 0 947M 84.0 52.0 17 0 83 0 0 0 1.28 0.44 0.17
05-09 12:16:58 2168M 0 0 947M 136 200 17 0 83 0 0 0 1.28 0.44 0.17
05-09 12:16:59 2168M 0 0 947M 84.0 52.0 17 0.2 83 0 0 0 1.26 0.45 0.18
05-09 12:17:00 2168M 0 0 947M 324 640 17 0 83 0 0 0 1.26 0.45 0.18
05-09 12:17:01 2168M 0 0 947M 136 116 17 0 83 0 0 0 1.26 0.45 0.18
05-09 12:17:02 2168M 0 0 947M 84.0 52.0 17 0 83 0 0 0 1.26 0.45 0.18
05-09 12:17:03 2168M 0 0 947M 0 0 17 0 83 0 0 0 1.26 0.45 0.18
05-09 12:17:04 2168M 0 0 947M 0 0 17 0 83 0 0 0 1.24 0.46 0.18
05-09 12:17:05 2168M 0 0 947M 188 620 17 0 83 0 0 0 1.24 0.46 0.18
05-09 12:17:06 2168M 0 0 947M 680 436 17 0.3 83 0 0 0 1.24 0.46 0.18
05-09 12:17:07 2168M 0 0 947M 408 704 17 0.3 83 0 0 0 1.24 0.46 0.18
05-09 12:17:08 2168M 0 0 947M 828 724 17 0.2 83 0 0 0 1.24 0.46 0.18
05-09 12:17:09 2168M 0 0 947M 408 168 17 0.2 83 0 0 0 1.22 0.47 0.19
05-09 12:17:10 2168M 0 0 947M 596 436 17 0 83 0 0 0 1.22 0.47 0.19
05-09 12:17:11 2168M 0 0 947M 544 352 17 0.2 83 0 0 0 1.22 0.47 0.19
05-09 12:17:12 2170M 0 0 945M 324 624 17 0.2 83 0 0 0 1.22 0.47 0.19
05-09 12:17:13 2170M 0 0 945M 136 508 17 0 83 0 0 0 1.22 0.47 0.19
05-09 12:17:14 2168M 0 0 947M 408 316 17 0 83 0 0 0 1.20 0.47 0.19
05-09 12:17:15 2168M 0 0 947M 220 200 17 0 83 0 0 0 1.20 0.47 0.19
05-09 12:17:16 2168M 0 0 947M 408 300 17 0 83 0 0 0 1.20 0.47 0.19
05-09 12:17:17 2168M 0 0 947M 1224 784 17 0.2 83 0 0 0 1.20 0.47 0.19
05-09 12:17:18 2168M 0 0 947M 408 384 17 0.2 83 0 0 0 1.20 0.47 0.19
05-09 12:17:19 2168M 0 0 947M 272 200 17 0.2 83 0 0 0 1.18 0.48 0.20
05-09 12:17:20 2168M 0 0 947M 52.0 0 17 0 83 0 0 0 1.18 0.48 0.20
05-09 12:17:21 2168M 0 0 947M 272 168 17 0 83 0 0 0 1.18 0.48 0.20
05-09 12:17:22 2168M 0 0 947M 0 0 17 0 83 0 0 0 1.18 0.48 0.20
05-09 12:17:23 2168M 0 0 947M 0 0 17 0 83 0 0 0 1.18 0.48 0.20
05-09 12:17:24 2168M 0 0 947M 0 0 17 0 83 0 0 0 1.17 0.49 0.20
05-09 12:17:25 2168M 0 0 947M 0 0 17 0 83 0 0 0 1.17 0.49 0.20
05-09 12:17:26 2168M 0 0 947M 0 0 17 0 83 0 0 0 1.17 0.49 0.20
05-09 12:17:27 2168M 0 0 946M 0 0 17 0 83 0 0 0 1.17 0.49 0.20
05-09 12:17:28 2168M 0 0 947M 0 0 17 0 83 0 0 0 1.17 0.49 0.20
05-09 12:17:29 2168M 0 0 947M 84.0 52.0 17 0 83 0 0 0 1.16 0.50 0.20
05-09 12:17:30 2168M 0 0 947M 0 0 17 0 83 0 0 0 1.16 0.50 0.20
05-09 12:17:31 2168M 0 0 947M 220 268 17 0 83 0 0 0 1.16 0.50 0.20
05-09 12:17:32 2168M 0 0 947M 136 744 17 0 83 0 0 0 1.16 0.50 0.20
05-09 12:17:33 2168M 0 0 947M 272 184 17 0.2 83 0 0 0 1.16 0.50 0.20
05-09 12:17:34 2168M 0 0 947M 0 0 17 0 83 0 0 0 1.14 0.51 0.21
05-09 12:17:35 2168M 0 0 947M 0 0 17 0 83 0 0 0 1.14 0.51 0.21
05-09 12:17:36 2168M 0 0 947M 0 0 17 0 83 0 0 0 1.14 0.51 0.21
05-09 12:17:37 2168M 0 0 947M 0 0 17 0 83 0 0 0 1.14 0.51 0.21
05-09 12:17:38 2168M 0 0 947M 168 864 17 0 83 0 0 0 1.14 0.51 0.21
05-09 12:17:39 2168M 0 0 947M 272 252 17 0 83 0 0 0 1.13 0.52 0.21
05-09 12:17:40 2168M 0 0 947M 824 1052 17 0 83 0 0 0 1.13 0.52 0.21
05-09 12:17:41 2168M 0 0 947M 84.0 52.0 17 0 83 0 0 0 1.13 0.52 0.21
05-09 12:17:42 2168M 0 0 947M 188 364 17 0 83 0 0 0 1.13 0.52 0.21
05-09 12:17:43 2168M 0 0 947M 220 1020 17 0 83 0 0 0 1.13 0.52 0.21
05-09 12:17:44 2168M 0 0 947M 84.0 52.0 17 0 83 0 0 0 1.12 0.52 0.21
05-09 12:17:45 2168M 0 0 947M 376 1720 17 0 83 0 0 0 1.12 0.52 0.21
05-09 12:17:46 2168M 0 0 947M 0 0 17 0 83 0 0 0 1.12 0.52 0.21
05-09 12:17:47 2168M 0 0 947M 324 496 17 0.2 83 0 0 0 1.12 0.52 0.21
05-09 12:17:48 2168M 0 0 947M 324 316 17 0.3 83 0 0 0 1.12 0.52 0.21
05-09 12:17:49 2168M 0 0 947M 0 0 17 0 83 0 0 0 1.11 0.53 0.22
05-09 12:17:50 2168M 0 0 947M 0 0 17 0 83 0 0 0 1.11 0.53 0.22
05-09 12:17:51 2168M 0 0 947M 0 0 17 0 83 0 0 0 1.11 0.53 0.22
05-09 12:17:52 2168M 0 0 947M 0 0 17 0 83 0 0 0 1.11 0.53 0.22
05-09 12:17:53 2168M 0 0 947M 324 300 17 0.2 83 0 0 0 1.11 0.53 0.22
05-09 12:17:54 2168M 0 0 947M 0 0 17 0 83 0 0 0 1.10 0.54 0.22
05-09 12:17:55 2168M 0 0 947M 0 0 17 0 83 0 0 0 1.10 0.54 0.22
05-09 12:17:56 2168M 0 0 947M 84.0 52.0 17 0 83 0 0 0 1.10 0.54 0.22
05-09 12:17:57 2168M 0 0 947M 220 232 17 0 83 0 0 0 1.10 0.54 0.22
05-09 12:17:58 2104M 0 0 1011M 104 216 0.2 0.2 100 0 0 0 1.10 0.54 0.22
05-09 12:17:59 2104M 0 0 1011M 0 0 0 0 100 0 0 0 1.01 0.53 0.22
05-09 12:18:00 2104M 0 0 1011M 908 1240 4.2 0.4 95 0 0 0 1.01 0.53 0.22
