05-09 17:05:07 2105M 0 0 1010M 0 0 0.2 0.0 100 0.0 0 0 0.11 0.08 0.05
05-09 17:05:08 2105M 0 0 1010M 168 364 0 0 100 0 0 0 0.10 0.08 0.05
05-09 17:05:09 2105M 0 0 1010M 188 100 0.2 0 100 0 0 0 0.10 0.08 0.05
05-09 17:05:10 2105M 0 0 1010M 0 0 0 0 100 0 0 0 0.10 0.08 0.05
05-09 17:05:11 2105M 0 0 1010M 0 0 0 0 100 0 0 0 0.10 0.08 0.05
05-09 17:05:12 2105M 0 0 1010M 0 0 0 0 100 0 0 0 0.10 0.08 0.05
05-09 17:05:13 2105M 0 0 1010M 0 0 0.2 0 100 0 0 0 0.09 0.08 0.05
05-09 17:05:14 2124M 0 0 990M 136 84.0 4.0 0.6 95 0 0 0 0.09 0.08 0.05
05-09 17:05:15 2174M 0 0 941M 0 100 16 0.8 83 0 0 0 0.09 0.08 0.05
05-09 17:05:16 2176M 0 0 938M 156 200 16 0.2 84 0 0 0 0.09 0.08 0.05
05-09 17:05:17 2176M 0 0 938M 772 1036 16 0.3 83 0 0 0 0.09 0.08 0.05
05-09 17:05:18 2176M 0 0 938M 0 0 17 0.8 82 0 0 0 0.16 0.09 0.05
05-09 17:05:19 2177M 0 0 938M 0 100 16 0.5 83 0 0 0 0.16 0.09 0.05
05-09 17:05:20 2177M 0 0 938M 104 100 15 0.3 84 0 0 0 0.16 0.09 0.05
05-09 17:05:21 2177M 0 0 938M 0 0 17 0.5 83 0 0 0 0.16 0.09 0.05
05-09 17:05:22 2177M 0 0 938M 0 0 16 0.2 83 0 0 0 0.16 0.09 0.05
05-09 17:05:23 2177M 0 0 938M 104 200 15 0.5 0 480 0 0 0.23 0.11 0.06
05-09 17:05:24 2177M 0 0 938M 0 0 17 0.3 473 0 0 0 0.23 0.11 0.06
05-09 17:05:25 2177M 0 0 938M 0 0 16 0.5 83 0 0 0 0.23 0.11 0.06
05-09 17:05:26 2177M 0 0 938M 0 0 16 0.3 83 0 0 0 0.23 0.11 0.06
05-09 17:05:27 2177M 0 0 938M 0 0 16 0.3 83 0 0 0 0.23 0.11 0.06
05-09 17:05:28 2178M 0 0 937M 52.0 100 4.2 0.2 96 0 0 0 0.21 0.11 0.06
05-09 17:05:29 2178M 0 0 937M 0 0 0 0 100 0 0 0 0.21 0.11 0.06
05-09 17:05:30 2178M 0 0 937M 0 0 0.2 0 100 0 0 0 0.21 0.11 0.06
05-09 17:05:31 2178M 0 0 937M 0 0 0.2 0 100 0 0 0 0.21 0.11 0.06
05-09 17:05:32 2178M 0 0 937M 52.0 100 13 0.2 87 0 0 0 0.21 0.11 0.06
05-09 17:05:33 2178M 0 0 937M 0 0 16 0.5 83 0 0 0 0.28 0.12 0.06
05-09 17:05:34 2178M 0 0 937M 84.0 84.0 16 0.7 83 0 0 0 0.28 0.12 0.06
05-09 17:05:35 2178M 0 0 937M 0 0 17 0.2 83 0 0 0 0.28 0.12 0.06
05-09 17:05:36 2178M 0 0 937M 104 200 16 0 84 0 0 0 0.28 0.12 0.06
05-09 17:05:37 2178M 0 0 937M 0 0 17 0.3 83 0 0 0 0.28 0.12 0.06
05-09 17:05:38 2178M 0 0 937M 824 1212 16 0.5 83 0 0 0 0.33 0.13 0.07
05-09 17:05:39 2178M 0 0 937M 0 100 17 0.2 83 0 0 0 0.33 0.13 0.07
05-09 17:05:40 2178M 0 0 937M 104 100 17 0.3 83 0 0 0 0.33 0.13 0.07
05-09 17:05:41 2178M 0 0 937M 0 100 17 0.3 83 0 0 0 0.33 0.13 0.07
05-09 17:05:42 2178M 0 0 937M 52.0 0 0.6 0 99 0 0 0 0.33 0.13 0.07
05-09 17:05:43 2178M 0 0 937M 0 0 0 0.2 100 0 0 0 0.31 0.13 0.07
05-09 17:05:44 2178M 0 0 937M 0 0 0.2 0 100 0 0 0 0.31 0.13 0.07
05-09 17:05:45 2178M 0 0 937M 0 0 0 0 100 0 0 0 0.31 0.13 0.07
05-09 17:05:46 2178M 0 0 937M 52.0 100 16 0.2 84 0 0 0 0.31 0.13 0.07
05-09 17:05:47 2178M 0 0 937M 0 0 16 0.7 83 0 0 0 0.31 0.13 0.07
05-09 17:05:48 2178M 0 0 937M 0 0 17 0.2 83 0 0 0 0.36 0.15 0.07
05-09 17:05:49 2178M 0 0 937M 876 1204 16 0.7 83 0 0 0 0.36 0.15 0.07
05-09 17:05:50 2178M 0 0 937M 0 0 17 0 83 0 0 0 0.36 0.15 0.07
05-09 17:05:51 2178M 0 0 937M 0 0 17 0.2 83 0 0 0 0.36 0.15 0.07
05-09 17:05:52 2178M 0 0 937M 104 200 17 0.3 83 0 0 0 0.36 0.15 0.07
05-09 17:05:53 2178M 0 0 937M 0 0 17 0.2 83 0 0 0 0.41 0.16 0.08
05-09 17:05:54 2178M 0 0 937M 0 0 16 0.8 83 0 0 0 0.41 0.16 0.08
05-09 17:05:55 2178M 0 0 937M 0 0 17 0.2 83 0 0 0 0.41 0.16 0.08
05-09 17:05:56 2178M 0 0 937M 104 200 17 0.5 83 0 0 0 0.41 0.16 0.08
05-09 17:05:57 2178M 0 0 937M 0 0 16 0.3 83 0 0 0 0.41 0.16 0.08
05-09 17:05:58 2178M 0 0 937M 0 0 17 0.2 83 0 0 0 0.46 0.17 0.08
05-09 17:05:59 2178M 0 0 937M 0 0 17 0.2 83 0 0 0 0.46 0.17 0.08
05-09 17:06:00 2181M 0 0 934M 104 200 11 0.4 89 0 0 0 0.46 0.17 0.08
05-09 17:06:01 2181M 0 0 934M 0 0 0 0 100 0 0 0 0.46 0.17 0.08
05-09 17:06:02 2181M 0 0 934M 0 0 0 0 100 0 0 0 0.46 0.17 0.08
05-09 17:06:03 2181M 0 0 934M 0 0 0 0 100 0 0 0 0.42 0.17 0.08
05-09 17:06:04 2181M 0 0 934M 52.0 100 4.9 0 95 0 0 0 0.42 0.17 0.08
05-09 17:06:05 2181M 0 0 934M 0 0 17 0.2 83 0 0 0 0.42 0.17 0.08
05-09 17:06:06 2181M 0 0 934M 0 0 17 0.2 83 0 0 0 0.42 0.17 0.08
05-09 17:06:07 2181M 0 0 934M 0 0 17 0.3 82 0 0 0 0.42 0.17 0.08
05-09 17:06:08 2181M 0 0 934M 104 200 16 0 84 0 0 0 0.47 0.18 0.09
05-09 17:06:09 2181M 0 0 934M 0 0 17 0.2 83 0 0 0 0.47 0.18 0.09
05-09 17:06:10 2181M 0 0 934M 0 0 17 0.2 83 0 0 0 0.47 0.18 0.09
05-09 17:06:11 2181M 0 0 934M 0 0 17 0 83 0 0 0 0.47 0.18 0.09
05-09 17:06:12 2181M 0 0 934M 0 0 17 0.2 83 0 0 0 0.47 0.18 0.09
05-09 17:06:13 2181M 0 0 934M 104 200 16 0.7 83 0 0 0 0.51 0.20 0.09
05-09 17:06:14 2181M 0 0 934M 52.0 100 17 0.2 83 0 0 0 0.51 0.20 0.09
05-09 17:06:15 2181M 0 0 934M 52.0 100 15 0.5 84 0 0 0 0.51 0.20 0.09
05-09 17:06:16 2181M 0 0 934M 0 0 17 0.7 82 0 0 0 0.51 0.20 0.09
05-09 17:06:17 2181M 0 0 934M 52.0 100 5.1 0.2 95 0 0 0 0.51 0.20 0.09
05-09 17:06:18 2181M 0 0 934M 0 0 0 0 100 0 0 0 0.47 0.19 0.09
05-09 17:06:19 2181M 0 0 934M 0 0 0 0 100 0 0 0 0.47 0.19 0.09
05-09 17:06:20 2181M 0 0 934M 0 0 0.2 0 100 0 0 0 0.47 0.19 0.09
05-09 17:06:21 2181M 0 0 934M 52.0 100 13 0.2 87 0 0 0 0.47 0.19 0.09
05-09 17:06:22 2181M 0 0 934M 0 0 16 0.3 83 0 0 0 0.47 0.19 0.09
05-09 17:06:23 2181M 0 0 934M 104 200 17 0.2 83 0 0 0 0.51 0.21 0.10
05-09 17:06:24 2181M 0 0 934M 0 0 17 0.2 83 0 0 0 0.51 0.21 0.10
05-09 17:06:25 2181M 0 0 934M 0 0 17 0.2 83 0 0 0 0.51 0.21 0.10
05-09 17:06:26 2184M 0 0 931M 1439 1488 17 0.7 83 0 0 0 0.51 0.21 0.10
05-09 17:06:27 2186M 0 0 929M 2854 15.0.0087890625 17 0.3 83 0 0 0 0.51 0.21 0.10
05-09 17:06:28 2186M 0 0 929M 1960 22.0.0068359375 16 0.3 83 0 0 0 0.55 0.22 0.10
05-09 17:06:29 2186M 0 0 929M 2244 30.0.0048828125 18 0.2 81 0 0 0 0.55 0.22 0.10
05-09 17:06:30 2186M 0 0 929M 1720 26.0 17 0.2 83 0 0 0 0.55 0.22 0.10
05-09 17:06:31 2186M 0 0 929M 3044 32.0.0087890625 18 0 82 0 0 0 0.55 0.22 0.10
05-09 17:06:32 2186M 0 0 929M 1760 31.0.00390625 0.4 0.2 99 0 0 0 0.55 0.22 0.10
05-09 17:06:33 2186M 0 0 929M 1500 18.0.0078125 0 0 100 0 0 0 0.51 0.22 0.10
05-09 17:06:34 2186M 0 0 929M 1584 20.0.0078125 0 0 100 0 0 0 0.51 0.22 0.10
05-09 17:06:35 2186M 0 0 929M 2108 36.0.0029296875 0.6 0 99 0 0 0 0.51 0.22 0.10
05-09 17:06:36 2186M 0 0 929M 2140 23.0.0087890625 17 0.3 83 0 0 0 0.51 0.22 0.10
05-09 17:06:37 2186M 0 0 929M 1984 27.0.0048828125 16 0.3 83 0 0 0 0.51 0.22 0.10
05-09 17:06:38 2186M 0 0 929M 1952 26.0.0029296875 17 0.2 83 0 0 0 0.63 0.25 0.11
05-09 17:06:39 2186M 0 0 929M 2224 25.0.0078125 17 0.5 82 0 0 0 0.63 0.25 0.11
05-09 17:06:40 2186M 0 0 929M 2308 29.0 17 0.3 83 0 0 0 0.63 0.25 0.11
05-09 17:06:41 2186M 0 0 929M 1888 23.0.0087890625 16 0.5 83 0 0 0 0.63 0.25 0.11
05-09 17:06:42 2186M 0 0 929M 2116 35.0 17 0.7 82 0 0 0 0.63 0.25 0.11
05-09 17:06:43 2186M 0 0 929M 2264 22.0.005859375 16 0.3 83 0 0 0 0.66 0.26 0.11
05-09 17:06:44 2186M 0 0 929M 2404 29.0.0048828125 17 0.2 83 0 0 0 0.66 0.26 0.11
05-09 17:06:45 2186M 0 0 929M 1836 17.0.0009765625 16 0.5 83 0 0 0 0.66 0.26 0.11
05-09 17:06:46 2186M 0 0 929M 1760 24.0.005859375 16 0.7 83 0 0 0 0.66 0.26 0.11
05-09 17:06:47 2181M 0 0 934M 1928 15.0.005859375 17 0 83 0 0 0 0.66 0.26 0.11
05-09 17:06:48 2181M 0 0 934M 104 200 16 0.3 84 0 0 0 0.68 0.27 0.12
05-09 17:06:49 2181M 0 0 934M 0 0 17 0.2 83 0 0 0 0.68 0.27 0.12
05-09 17:06:50 2181M 0 0 934M 52.0 100 4.4 0 96 0 0 0 0.68 0.27 0.12
05-09 17:06:51 2181M 0 0 934M 0 0 0 0 100 0 0 0 0.68 0.27 0.12
05-09 17:06:52 2181M 0 0 934M 0 0 0 0 100 0 0 0 0.68 0.27 0.12
05-09 17:06:53 2181M 0 0 934M 0 0 0 0 100 0 0 0 0.63 0.27 0.12
05-09 17:06:54 2181M 0 0 934M 52.0 100 14 0.2 86 0 0 0 0.63 0.27 0.12
05-09 17:06:55 2181M 0 0 934M 0 0 17 0.2 83 0 0 0 0.63 0.27 0.12
05-09 17:06:56 2181M 0 0 934M 104 200 18 0.5 82 0 0 0 0.63 0.27 0.12
05-09 17:06:57 2181M 0 0 934M 0 0 17 0.2 83 0 0 0 0.63 0.27 0.12
05-09 17:06:58 2181M 0 0 934M 104 200 17 0.3 83 0 0 0 0.66 0.28 0.12
05-09 17:06:59 2181M 0 0 934M 0 0 17 0.2 83 0 0 0 0.66 0.28 0.12
05-09 17:07:00 2181M 0 0 934M 52.0 100 17 0.2 83 0 0 0 0.66 0.28 0.12
05-09 17:07:01 2181M 0 0 934M 104 200 17 0.2 83 0 0 0 0.66 0.28 0.12
05-09 17:07:02 2181M 0 0 934M 0 0 17 0 83 0 0 0 0.66 0.28 0.12
05-09 17:07:03 2181M 0 0 934M 52.0 100 17 0.7 83 0 0 0 0.68 0.29 0.12
05-09 17:07:04 2181M 0 0 934M 0 0 0.2 0 100 0 0 0 0.68 0.29 0.12
05-09 17:07:05 2181M 0 0 934M 0 0 0 0 100 0 0 0 0.68 0.29 0.12
05-09 17:07:06 2181M 0 0 934M 0 0 0 0 100 0 0 0 0.68 0.29 0.12
05-09 17:07:07 2181M 0 0 934M 0 0 0 0 100 0 0 0 0.68 0.29 0.12
05-09 17:07:08 2181M 0 0 934M 52.0 100 15 0.2 85 0 0 0 0.71 0.30 0.13
05-09 17:07:09 2181M 0 0 934M 0 0 16 0.3 83 0 0 0 0.71 0.30 0.13
05-09 17:07:10 2181M 0 0 934M 0 0 17 0 83 0 0 0 0.71 0.30 0.13
05-09 17:07:11 2181M 0 0 934M 104 200 17 0.3 83 0 0 0 0.71 0.30 0.13
05-09 17:07:12 2181M 0 0 934M 0 0 17 0.2 83 0 0 0 0.71 0.30 0.13
05-09 17:07:13 2181M 0 0 934M 0 0 17 0.2 83 0 0 0 0.73 0.31 0.13
05-09 17:07:14 2181M 0 0 934M 104 200 17 0.7 82 0 0 0 0.73 0.31 0.13
05-09 17:07:15 2181M 0 0 934M 0 0 17 0.2 83 0 0 0 0.73 0.31 0.13
05-09 17:07:16 2181M 0 0 934M 0 0 16 0.3 83 0 0 0 0.73 0.31 0.13
05-09 17:07:17 2181M 0 0 934M 0 0 16 0.3 83 0 0 0 0.73 0.31 0.13
05-09 17:07:18 2181M 0 0 934M 104 200 15 0.7 85 0 0 0 0.75 0.32 0.14
05-09 17:07:19 2181M 0 0 934M 0 0 17 0 83 0 0 0 0.75 0.32 0.14
05-09 17:07:20 2181M 0 0 934M 0 0 16 0.3 83 0 0 0 0.75 0.32 0.14
05-09 17:07:21 2181M 0 0 934M 0 0 17 0.2 83 0 0 0 0.75 0.32 0.14
05-09 17:07:22 2181M 0 0 934M 0 0 17 0.2 82 0 0 0 0.75 0.32 0.14
05-09 17:07:23 2181M 0 0 934M 52.0 100 4.8 0.2 95 0 0 0 0.69 0.32 0.14
05-09 17:07:24 2181M 0 0 934M 0 0 0 0 100 0 0 0 0.69 0.32 0.14
05-09 17:07:25 2181M 0 0 934M 0 0 0 0 100 0 0 0 0.69 0.32 0.14
05-09 17:07:26 2181M 0 0 934M 0 0 0 0 100 0 0 0 0.69 0.32 0.14
05-09 17:07:27 2181M 0 0 934M 52.0 100 12 0.2 88 0 0 0 0.69 0.32 0.14
05-09 17:07:28 2181M 0 0 934M 0 100 17 0.2 83 0 0 0 0.72 0.33 0.14
05-09 17:07:29 2181M 0 0 934M 104 100 16 0.5 83 0 0 0 0.72 0.33 0.14
05-09 17:07:30 2181M 0 0 934M 0 0 17 0 83 0 0 0 0.72 0.33 0.14
05-09 17:07:31 2181M 0 0 934M 104 200 15 0.3 84 0 0 0 0.72 0.33 0.14
05-09 17:07:32 2181M 0 0 934M 0 0 17 0.2 83 0 0 0 0.72 0.33 0.14
05-09 17:07:33 2181M 0 0 934M 0 0 17 0.2 83 0 0 0 0.74 0.34 0.15
05-09 17:07:34 2181M 0 0 934M 104 200 17 0.3 83 0 0 0 0.74 0.34 0.15
05-09 17:07:35 2181M 0 0 934M 0 0 17 0 83 0 0 0 0.74 0.34 0.15
05-09 17:07:36 2181M 0 0 934M 0 0 17 0 83 0 0 0 0.74 0.34 0.15
05-09 17:07:37 2181M 0 0 934M 52.0 100 12 0.2 88 0 0 0 0.74 0.34 0.15
05-09 17:07:38 2181M 0 0 934M 0 0 0 0 100 0 0 0 0.68 0.33 0.14
05-09 17:07:39 2181M 0 0 934M 0 0 0 0 100 0 0 0 0.68 0.33 0.14
05-09 17:07:40 2181M 0 0 934M 772 1052 0 0.2 100 0 0 0 0.68 0.33 0.14
05-09 17:07:41 2181M 0 0 934M 52.0 100 7.2 0 93 0 0 0 0.68 0.33 0.14
05-09 17:07:42 2181M 0 0 934M 0 0 17 0.2 83 0 0 0 0.68 0.33 0.14
05-09 17:07:43 2181M 0 0 934M 0 0 17 0 83 0 0 0 0.71 0.34 0.15
05-09 17:07:44 2181M 0 0 934M 0 0 17 0.2 83 0 0 0 0.71 0.34 0.15
05-09 17:07:45 2181M 0 0 934M 104 200 16 0.3 84 0 0 0 0.71 0.34 0.15
05-09 17:07:46 2181M 0 0 934M 0 0 17 0 84 0 0 0 0.71 0.34 0.15
05-09 17:07:47 2181M 0 0 934M 0 0 18 0 82 0 0 0 0.71 0.34 0.15
05-09 17:07:48 2181M 0 0 934M 0 0 16 0.5 83 0 0 0 0.73 0.35 0.15
05-09 17:07:49 2181M 0 0 933M 0 0 15 0.2 85 0 0 0 0.73 0.35 0.15
05-09 17:07:50 2181M 0 0 933M 104 200 17 0.3 82 0 0 0 0.73 0.35 0.15
05-09 17:07:51 2181M 0 0 933M 0 0 17 0 83 0 0 0 0.73 0.35 0.15
05-09 17:07:52 2181M 0 0 933M 0 0 17 0 83 0 0 0 0.73 0.35 0.15
05-09 17:07:53 2181M 0 0 933M 0 0 17 0.2 83 0 0 0 0.75 0.37 0.16
05-09 17:07:54 2181M 0 0 933M 52.0 200 16 0.5 83 0 0 0 0.75 0.37 0.16
05-09 17:07:55 2181M 0 0 933M 52.0 0 17 0 83 0 0 0 0.75 0.37 0.16
05-09 17:07:56 2181M 0 0 933M 0 0 16 0.3 83 0 0 0 0.75 0.37 0.16
05-09 17:07:57 2181M 0 0 933M 0 0 16 0.3 83 0 0 0 0.75 0.37 0.16
05-09 17:07:58 2181M 0 0 933M 0 0 17 0.2 83 0 0 0 0.77 0.38 0.16
05-09 17:07:59 2181M 0 0 933M 52.0 100 17 0.2 83 0 0 0 0.77 0.38 0.16
05-09 17:08:00 2181M 0 0 933M 824 1188 4.2 0.4 95 0 0 0 0.77 0.38 0.16
05-09 17:08:01 2181M 0 0 933M 0 0 0 0 100 0 0 0 0.77 0.38 0.16
05-09 17:08:02 2181M 0 0 933M 0 0 0 0 100 0 0 0 0.77 0.38 0.16
05-09 17:08:03 2181M 0 0 933M 0 0 0.8 0.2 99 0 0 0 0.71 0.37 0.16
05-09 17:08:04 2181M 0 0 933M 52.0 100 17 0.2 83 0 0 0 0.71 0.37 0.16
05-09 17:08:05 2181M 0 0 933M 0 0 17 0.2 83 0 0 0 0.71 0.37 0.16
05-09 17:08:06 2181M 0 0 933M 0 0 16 0.3 83 0 0 0 0.71 0.37 0.16
05-09 17:08:07 2181M 0 0 933M 0 0 17 0.2 83 0 0 0 0.71 0.37 0.16
05-09 17:08:08 2181M 0 0 933M 0 0 17 0.2 83 0 0 0 0.73 0.38 0.17
05-09 17:08:09 2181M 0 0 933M 0 0 16 0.2 0 479 0 0 0.73 0.38 0.17
05-09 17:08:10 2181M 0 0 933M 104 200 15 0.5 479 0 0 0 0.73 0.38 0.17
05-09 17:08:11 2181M 0 0 933M 0 100 17 0.2 83 0 0 0 0.73 0.38 0.17
05-09 17:08:12 2181M 0 0 933M 104 100 17 0.3 83 0 0 0 0.73 0.38 0.17
05-09 17:08:13 2181M 0 0 933M 0 0 17 0.2 83 0 0 0 0.75 0.39 0.17
05-09 17:08:14 2181M 0 0 933M 104 200 17 0.2 83 0 0 0 0.75 0.39 0.17
05-09 17:08:15 2181M 0 0 933M 0 0 16 0.3 83 0 0 0 0.75 0.39 0.17
05-09 17:08:16 2181M 0 0 933M 52.0 100 10 0 90 0 0 0 0.75 0.39 0.17
05-09 17:08:17 2181M 0 0 933M 334 1032 0 0.2 100 0 0 0 0.75 0.39 0.17
05-09 17:08:18 2181M 0 0 933M 0 0 0 0 100 0 0 0 0.69 0.38 0.17
05-09 17:08:19 2181M 0 0 933M 0 0 0 0 100 0 0 0 0.69 0.38 0.17
05-09 17:08:20 2181M 0 0 933M 52.0 100 8.2 0.2 92 0 0 0 0.69 0.38 0.17
05-09 17:08:21 2181M 0 0 933M 0 0 17 0.5 83 0 0 0 0.69 0.38 0.17
05-09 17:08:22 2181M 0 0 933M 0 0 17 0.2 83 0 0 0 0.69 0.38 0.17
05-09 17:08:23 2181M 0 0 933M 104 200 17 0.3 83 0 0 0 0.72 0.39 0.17
05-09 17:08:24 2181M 0 0 933M 0 0 17 0.2 83 0 0 0 0.72 0.39 0.17
05-09 17:08:25 2181M 0 0 933M 0 0 16 0.5 83 0 0 0 0.72 0.39 0.17
05-09 17:08:26 2181M 0 0 933M 0 0 17 0.2 83 0 0 0 0.72 0.39 0.17
05-09 17:08:27 2181M 0 0 933M 104 200 16 0.2 83 0 0 0 0.72 0.39 0.17
05-09 17:08:28 2181M 0 0 933M 0 0 16 0.8 83 0 0 0 0.74 0.40 0.18
05-09 17:08:29 2181M 0 0 933M 0 0 17 0 83 0 0 0 0.74 0.40 0.18
05-09 17:08:30 2181M 0 0 933M 0 0 16 0.2 83 0 0 0 0.74 0.40 0.18
05-09 17:08:31 2181M 0 0 933M 52.0 100 17 0.2 82 0 0 0 0.74 0.40 0.18
05-09 17:08:32 2181M 0 0 933M 52.0 100 17 0.2 83 0 0 0 0.74 0.40 0.18
05-09 17:08:33 2181M 0 0 933M 0 0 16 0.7 83 0 0 0 0.76 0.41 0.18
05-09 17:08:34 2181M 0 0 933M 0 0 16 0.3 83 0 0 0 0.76 0.41 0.18
05-09 17:08:35 2181M 0 0 933M 0 0 16 0.5 83 0 0 0 0.76 0.41 0.18
05-09 17:08:36 2181M 0 0 933M 0 0 17 0.5 82 0 0 0 0.76 0.41 0.18
05-09 17:08:37 2181M 0 0 933M 892 1297 5.8 0.4 94 0 0 0 0.76 0.41 0.18
05-09 17:08:38 2181M 0 0 933M 0 0 0 0 100 0 0 0 0.70 0.40 0.18
05-09 17:08:39 2181M 0 0 933M 0 0 0 0 100 0 0 0 0.70 0.40 0.18
05-09 17:08:40 2181M 0 0 933M 0 0 0 0 100 0 0 0 0.70 0.40 0.18
05-09 17:08:41 2181M 0 0 933M 52.0 100 13 0 87 0 0 0 0.70 0.40 0.18
05-09 17:08:42 2181M 0 0 933M 0 0 17 0.5 83 0 0 0 0.70 0.40 0.18
05-09 17:08:43 2181M 0 0 933M 772 1036 17 0.3 83 0 0 0 0.72 0.41 0.19
05-09 17:08:44 2181M 0 0 933M 84.0 84.0 16 0.3 83 0 0 0 0.72 0.41 0.19
05-09 17:08:45 2181M 0 0 933M 0 0 17 0.2 83 0 0 0 0.72 0.41 0.19
05-09 17:08:46 2181M 0 0 933M 52.0 100 17 0.3 83 0 0 0 0.72 0.41 0.19
05-09 17:08:47 2181M 0 0 933M 52.0 100 16 0.3 83 0 0 0 0.72 0.41 0.19
05-09 17:08:48 2181M 0 0 933M 0 0 17 0.2 83 0 0 0 0.74 0.42 0.19
05-09 17:08:49 2181M 0 0 933M 0 0 17 0.2 83 0 0 0 0.74 0.42 0.19
05-09 17:08:50 2181M 0 0 933M 0 0 16 0.7 83 0 0 0 0.74 0.42 0.19
05-09 17:08:51 2181M 0 0 933M 0 0 16 0.3 83 0 0 0 0.74 0.42 0.19
05-09 17:08:52 2181M 0 0 933M 0 0 17 0 83 0 0 0 0.74 0.42 0.19
05-09 17:08:53 2181M 0 0 933M 104 200 18 0.2 82 0 0 0 0.76 0.43 0.19
05-09 17:08:54 2181M 0 0 933M 0 0 17 0.2 83 0 0 0 0.76 0.43 0.19
05-09 17:08:55 2181M 0 0 933M 104 200 17 0.7 83 0 0 0 0.76 0.43 0.19
05-09 17:08:56 2181M 0 0 933M 0 0 17 0.2 83 0 0 0 0.76 0.43 0.19
05-09 17:08:57 2181M 0 0 933M 52.0 100 3.8 0.2 96 0 0 0 0.76 0.43 0.19
05-09 17:08:58 2181M 0 0 933M 0 0 0 0.2 100 0 0 0 0.70 0.43 0.19
05-09 17:08:59 2181M 0 0 933M 0 0 0 0 100 0 0 0 0.70 0.43 0.19
05-09 17:09:00 2181M 0 0 933M 52.0 100 0 0 100 0 0 0 0.70 0.43 0.19
05-09 17:09:01 2181M 0 0 933M 52.0 100 14 0.2 85 0 0 0 0.70 0.43 0.19
05-09 17:09:02 2181M 0 0 933M 0 0 17 0.3 83 0 0 0 0.70 0.43 0.19
05-09 17:09:03 2181M 0 0 933M 104 200 17 0.3 83 0 0 0 0.73 0.43 0.20
05-09 17:09:04 2181M 0 0 933M 0 0 17 0.2 83 0 0 0 0.73 0.43 0.20
05-09 17:09:05 2181M 0 0 933M 0 0 17 0.3 83 0 0 0 0.73 0.43 0.20
05-09 17:09:06 2181M 0 0 933M 104 200 17 0.5 83 0 0 0 0.73 0.43 0.20
05-09 17:09:07 2181M 0 0 933M 0 0 16 0.3 83 0 0 0 0.73 0.43 0.20
05-09 17:09:08 2181M 0 0 933M 0 0 16 0.3 83 0 0 0 0.75 0.44 0.20
05-09 17:09:09 2181M 0 0 933M 104 200 17 0.3 83 0 0 0 0.75 0.44 0.20
05-09 17:09:10 2181M 0 0 933M 0 0 17 0 83 0 0 0 0.75 0.44 0.20
05-09 17:09:11 2181M 0 0 933M 0 0 17 0 83 0 0 0 0.75 0.44 0.20
05-09 17:09:12 2181M 0 0 933M 0 0 17 0.2 83 0 0 0 0.75 0.44 0.20
05-09 17:09:13 2181M 0 0 933M 52.0 100 17 0.3 83 0 0 0 0.77 0.45 0.20
05-09 17:09:14 2181M 0 0 933M 0 0 0 0 100 0 0 0 0.77 0.45 0.20
05-09 17:09:15 2181M 0 0 933M 0 0 0 0 100 0 0 0 0.77 0.45 0.20
05-09 17:09:16 2182M 0 0 933M 0 0 0 0 100 0 0 0 0.77 0.45 0.20
05-09 17:09:17 2181M 0 0 933M 0 0 0.2 0 100 0 0 0 0.77 0.45 0.20
05-09 17:09:18 2181M 0 0 933M 52.0 100 18 0.7 81 0 0 0 0.79 0.46 0.21
05-09 17:09:19 2181M 0 0 933M 0 0 16 0.2 83 0 0 0 0.79 0.46 0.21
05-09 17:09:20 2181M 0 0 933M 0 0 17 0.2 83 0 0 0 0.79 0.46 0.21
05-09 17:09:21 2181M 0 0 933M 0 0 17 0.2 83 0 0 0 0.79 0.46 0.21
05-09 17:09:22 2181M 0 0 933M 104 200 17 0.2 83 0 0 0 0.79 0.46 0.21
05-09 17:09:23 2181M 0 0 933M 0 0 16 0.5 83 0 0 0 0.80 0.47 0.21
05-09 17:09:24 2181M 0 0 933M 0 0 17 0.5 83 0 0 0 0.80 0.47 0.21
05-09 17:09:25 2181M 0 0 933M 0 0 17 0.2 83 0 0 0 0.80 0.47 0.21
05-09 17:09:26 2181M 0 0 933M 0 0 17 0 83 0 0 0 0.80 0.47 0.21
05-09 17:09:27 2181M 0 0 933M 104 200 16 0.3 84 0 0 0 0.80 0.47 0.21
05-09 17:09:28 2181M 0 0 933M 0 0 17 0.3 83 0 0 0 0.82 0.48 0.22
05-09 17:09:29 2181M 0 0 933M 0 0 17 0.2 83 0 0 0 0.82 0.48 0.22
05-09 17:09:30 2181M 0 0 933M 0 0 17 0.2 83 0 0 0 0.82 0.48 0.22
05-09 17:09:31 2181M 0 0 933M 0 0 17 0 83 0 0 0 0.82 0.48 0.22
05-09 17:09:32 2181M 0 0 933M 104 200 18 0.7 82 0 0 0 0.82 0.48 0.22
05-09 17:09:33 2181M 0 0 933M 0 0 17 0 83 0 0 0 0.83 0.49 0.22
05-09 17:09:34 2181M 0 0 933M 52.0 100 12 0.3 88 0 0 0 0.83 0.49 0.22
05-09 17:09:35 2182M 0 0 933M 0 0 0 0 100 0 0 0 0.83 0.49 0.22
05-09 17:09:36 2181M 0 0 933M 0 0 0 0 100 0 0 0 0.83 0.49 0.22
05-09 17:09:37 2181M 0 0 933M 0 0 0 0 100 0 0 0 0.83 0.49 0.22
05-09 17:09:38 2181M 0 0 933M 52.0 100 6.7 0 93 0 0 0 0.77 0.48 0.22
05-09 17:09:39 2181M 0 0 933M 0 0 17 0.5 83 0 0 0 0.77 0.48 0.22
05-09 17:09:40 2181M 0 0 933M 104 200 17 0.2 83 0 0 0 0.77 0.48 0.22
05-09 17:09:41 2181M 0 0 933M 0 0 17 0.3 83 0 0 0 0.77 0.48 0.22
05-09 17:09:42 2181M 0 0 933M 104 200 16 0.2 84 0 0 0 0.77 0.48 0.22
05-09 17:09:43 2181M 0 0 933M 772 1036 17 0.2 83 0 0 0 0.78 0.49 0.22
05-09 17:09:44 2181M 0 0 933M 0 0 17 0.2 83 0 0 0 0.78 0.49 0.22
05-09 17:09:45 2181M 0 0 933M 104 200 16 0.3 84 0 0 0 0.78 0.49 0.22
05-09 17:09:46 2181M 0 0 933M 788 1020 17 0.2 83 0 0 0 0.78 0.49 0.22
05-09 17:09:47 2181M 0 0 933M 0 0 17 0.2 82 0 0 0 0.78 0.49 0.22
05-09 17:09:48 2181M 0 0 933M 52.0 100 7.4 0.2 92 0 0 0 0.72 0.48 0.22
05-09 17:09:49 2181M 0 0 933M 0 0 0 0 100 0 0 0 0.72 0.48 0.22
05-09 17:09:50 2181M 0 0 933M 0 0 0 0 100 0 0 0 0.72 0.48 0.22
05-09 17:09:51 2181M 0 0 933M 0 0 0 0 100 0 0 0 0.72 0.48 0.22
05-09 17:09:52 2181M 0 0 933M 52.0 100 11 0 89 0 0 0 0.72 0.48 0.22
05-09 17:09:53 2181M 0 0 933M 0 0 16 0.3 83 0 0 0 0.74 0.49 0.22
05-09 17:09:54 2181M 0 0 933M 0 0 17 0 83 0 0 0 0.74 0.49 0.22
05-09 17:09:55 2181M 0 0 933M 0 100 14 0.2 86 0 0 0 0.74 0.49 0.22
05-09 17:09:56 2181M 0 0 933M 104 100 17 0.3 83 0 0 0 0.74 0.49 0.22
05-09 17:09:57 2181M 0 0 933M 0 0 17 0 83 0 0 0 0.74 0.49 0.22
05-09 17:09:58 2181M 0 0 933M 0 0 17 0.2 83 0 0 0 0.76 0.50 0.23
05-09 17:09:59 2181M 0 0 933M 104 200 17 0.2 83 0 0 0 0.76 0.50 0.23
05-09 17:10:00 2181M 0 0 933M 52.0 100 16 0.3 83 0 0 0 0.76 0.50 0.23
05-09 17:10:01 2181M 0 0 933M 0 0 17 0 83 0 0 0 0.76 0.50 0.23
05-09 17:10:02 2181M 0 0 933M 0 0 17 0.2 83 0 0 0 0.76 0.50 0.23
05-09 17:10:03 2181M 0 0 933M 104 200 17 0.3 83 0 0 0 0.78 0.50 0.23
05-09 17:10:04 2181M 0 0 933M 0 0 17 0.2 83 0 0 0 0.78 0.50 0.23
05-09 17:10:05 2181M 0 0 933M 0 0 17 0.2 83 0 0 0 0.78 0.50 0.23
05-09 17:10:06 2181M 0 0 933M 0 0 17 0.2 83 0 0 0 0.78 0.50 0.23
05-09 17:10:07 2181M 0 0 933M 52.0 100 12 0.2 87 0 0 0 0.78 0.50 0.23
05-09 17:10:08 2181M 0 0 933M 0 0 0 0 100 0 0 0 0.72 0.50 0.23
05-09 17:10:09 2181M 0 0 933M 0 0 0 0 100 0 0 0 0.72 0.50 0.23
05-09 17:10:10 2181M 0 0 933M 0 0 0 0 100 0 0 0 0.72 0.50 0.23
05-09 17:10:11 2181M 0 0 933M 52.0 100 5.1 0 95 0 0 0 0.72 0.50 0.23
05-09 17:10:12 2181M 0 0 933M 0 0 17 0.2 82 0 0 0 0.72 0.50 0.23
05-09 17:10:13 2181M 0 0 933M 104 200 17 0.2 82 0 0 0 0.74 0.50 0.23
05-09 17:10:14 2181M 0 0 933M 0 0 16 0.3 83 0 0 0 0.74 0.50 0.23
05-09 17:10:15 2181M 0 0 933M 52.0 100 17 0.2 83 0 0 0 0.74 0.50 0.23
05-09 17:10:16 2181M 0 0 933M 52.0 100 18 0.2 81 0 0 0 0.74 0.50 0.23
05-09 17:10:17 2181M 0 0 933M 824 1076 16 0.5 83 0 0 0 0.74 0.50 0.23
05-09 17:10:18 2181M 0 0 933M 52.0 100 20 0.5 80 0 0 0 0.76 0.51 0.24
05-09 17:10:19 2181M 0 0 933M 52.0 100 16 0.3 83 0 0 0 0.76 0.51 0.24
05-09 17:10:20 2181M 0 0 933M 0 0 16 0.7 83 0 0 0 0.76 0.51 0.24
05-09 17:10:21 2181M 0 0 933M 0 0 17 0.7 83 0 0 0 0.76 0.51 0.24
05-09 17:10:22 2181M 0 0 933M 52.0 100 12 0.2 88 0 0 0 0.76 0.51 0.24
05-09 17:10:23 2181M 0 0 933M 0 0 0 0 100 0 0 0 0.70 0.50 0.24
05-09 17:10:24 2182M 0 0 933M 0 0 0 0 100 0 0 0 0.70 0.50 0.24
05-09 17:10:25 2181M 0 0 933M 0 0 0 0 100 0 0 0 0.70 0.50 0.24
05-09 17:10:26 2181M 0 0 933M 52.0 100 6.7 0.2 93 0 0 0 0.70 0.50 0.24
05-09 17:10:27 2181M 0 0 933M 0 0 16 0.5 83 0 0 0 0.70 0.50 0.24
05-09 17:10:28 2181M 0 0 933M 0 0 16 0.7 83 0 0 0 0.72 0.51 0.24
05-09 17:10:29 2181M 0 0 933M 0 0 17 0.2 83 0 0 0 0.72 0.51 0.24
05-09 17:10:30 2181M 0 0 933M 104 200 17 0.3 83 0 0 0 0.72 0.51 0.24
05-09 17:10:31 2181M 0 0 933M 0 0 16 0.7 83 0 0 0 0.72 0.51 0.24
05-09 17:10:32 2181M 0 0 933M 0 0 16 0.8 83 0 0 0 0.72 0.51 0.24
05-09 17:10:33 2181M 0 0 933M 0 0 16 0.5 83 0 0 0 0.75 0.52 0.24
05-09 17:10:34 2181M 0 0 933M 0 0 17 0 83 0 0 0 0.75 0.52 0.24
05-09 17:10:35 2181M 0 0 933M 104 200 17 0.3 83 0 0 0 0.75 0.52 0.24
05-09 17:10:36 2181M 0 0 933M 0 0 16 0.3 83 0 0 0 0.75 0.52 0.24
05-09 17:10:37 2181M 0 0 933M 0 0 16 0.7 83 0 0 0 0.75 0.52 0.24
05-09 17:10:38 2181M 0 0 933M 824 1092 16 0.5 83 0 0 0 0.77 0.53 0.25
05-09 17:10:39 2181M 0 0 933M 0 0 17 0.2 83 0 0 0 0.77 0.53 0.25
05-09 17:10:40 2181M 0 0 933M 104 200 16 0.5 83 0 0 0 0.77 0.53 0.25
05-09 17:10:41 2181M 0 0 933M 0 0 16 0.3 83 0 0 0 0.77 0.53 0.25
05-09 17:10:42 2181M 0 0 933M 0 0 17 0.2 83 0 0 0 0.77 0.53 0.25
05-09 17:10:43 2181M 0 0 933M 772 1036 16 0.3 83 0 0 0 0.79 0.53 0.25
05-09 17:10:44 2181M 0 0 933M 84.0 84.0 16 0.3 83 0 0 0 0.79 0.53 0.25
05-09 17:10:45 2181M 0 0 933M 0 0 17 0.2 83 0 0 0 0.79 0.53 0.25
05-09 17:10:46 2181M 0 0 933M 52.0 100 12 0.4 88 0 0 0 0.79 0.53 0.25
05-09 17:10:47 2181M 0 0 933M 0 0 0 0 100 0 0 0 0.79 0.53 0.25
05-09 17:10:48 2181M 0 0 933M 0 0 0 0 100 0 0 0 0.72 0.52 0.25
05-09 17:10:49 2181M 0 0 933M 772 1004 0.2 0 100 0 0 0 0.72 0.52 0.25
05-09 17:10:50 2181M 0 0 933M 52.0 100 6.9 0.2 93 0 0 0 0.72 0.52 0.25
05-09 17:10:51 2181M 0 0 933M 0 0 17 0 83 0 0 0 0.72 0.52 0.25
05-09 17:10:52 2181M 0 0 933M 0 0 16 0.3 83 0 0 0 0.72 0.52 0.25
05-09 17:10:53 2181M 0 0 933M 0 0 17 0.2 83 0 0 0 0.74 0.53 0.25
05-09 17:10:54 2181M 0 0 933M 0 0 16 0.3 83 0 0 0 0.74 0.53 0.25
05-09 17:10:55 2181M 0 0 933M 0 0 17 0.2 83 0 0 0 0.74 0.53 0.25
05-09 17:10:56 2181M 0 0 933M 0 0 17 0 83 0 0 0 0.74 0.53 0.25
05-09 17:10:57 2181M 0 0 933M 104 200 17 0.3 83 0 0 0 0.74 0.53 0.25
05-09 17:10:58 2181M 0 0 933M 104 200 17 0.3 83 0 0 0 0.76 0.54 0.26
05-09 17:10:59 2181M 0 0 933M 0 0 16 0.3 83 0 0 0 0.76 0.54 0.26
05-09 17:11:00 2181M 0 0 933M 156 300 16 0.3 83 0 0 0 0.76 0.54 0.26
05-09 17:11:01 2181M 0 0 933M 0 0 17 0.2 83 0 0 0 0.76 0.54 0.26
05-09 17:11:02 2181M 0 0 933M 52.0 100 11 0.2 89 0 0 0 0.76 0.54 0.26
05-09 17:11:03 2181M 0 0 933M 0 0 0 0 100 0 0 0 0.70 0.53 0.26
05-09 17:11:04 2181M 0 0 933M 0 0 0 0 100 0 0 0 0.70 0.53 0.26
05-09 17:11:05 2181M 0 0 933M 0 0 0 0 100 0 0 0 0.70 0.53 0.26
05-09 17:11:06 2181M 0 0 933M 52.0 100 7.2 0 93 0 0 0 0.70 0.53 0.26
05-09 17:11:07 2181M 0 0 933M 0 0 17 0.2 83 0 0 0 0.70 0.53 0.26
05-09 17:11:08 2181M 0 0 933M 52.0 200 17 0 83 0 0 0 0.73 0.54 0.26
05-09 17:11:09 2181M 0 0 933M 52.0 0 17 0.3 83 0 0 0 0.73 0.54 0.26
05-09 17:11:10 2181M 0 0 933M 0 0 16 0.5 83 0 0 0 0.73 0.54 0.26
05-09 17:11:11 2181M 0 0 933M 0 100 17 0.2 83 0 0 0 0.73 0.54 0.26
05-09 17:11:12 2181M 0 0 933M 104 100 17 0.5 83 0 0 0 0.73 0.54 0.26
05-09 17:11:13 2181M 0 0 933M 0 0 16 0.3 83 0 0 0 0.75 0.54 0.27
05-09 17:11:14 2181M 0 0 933M 0 0 17 0.2 83 0 0 0 0.75 0.54 0.27
05-09 17:11:15 2181M 0 0 933M 104 200 17 0.2 83 0 0 0 0.75 0.54 0.27
05-09 17:11:16 2181M 0 0 933M 0 0 16 0.7 83 0 0 0 0.75 0.54 0.27
05-09 17:11:17 2181M 0 0 933M 0 0 17 0.5 83 0 0 0 0.75 0.54 0.27
05-09 17:11:18 2181M 0 0 933M 52.0 100 15 0.3 85 0 0 0 0.77 0.55 0.27
05-09 17:11:19 2181M 0 0 933M 0 0 0 0.2 100 0 0 0 0.77 0.55 0.27
05-09 17:11:20 2181M 0 0 933M 0 0 0 0 100 0 0 0 0.77 0.55 0.27
05-09 17:11:21 2181M 0 0 933M 0 0 0 0 100 0 0 0 0.77 0.55 0.27
05-09 17:11:22 2181M 0 0 933M 52.0 100 1.6 0 0 562 0 0 0.77 0.55 0.27
05-09 17:11:23 2181M 0 0 933M 0 0 16 0.2 476 0 0 0 0.79 0.56 0.27
05-09 17:11:24 2181M 0 0 933M 0 0 16 0.5 83 0 0 0 0.79 0.56 0.27
05-09 17:11:25 2181M 0 0 933M 0 0 17 0.2 83 0 0 0 0.79 0.56 0.27
05-09 17:11:26 2181M 0 0 933M 104 200 17 0.2 83 0 0 0 0.79 0.56 0.27
05-09 17:11:27 2181M 0 0 933M 0 0 16 0.3 83 0 0 0 0.79 0.56 0.27
05-09 17:11:28 2181M 0 0 933M 0 0 16 0.5 83 0 0 0 0.80 0.57 0.28
05-09 17:11:29 2181M 0 0 933M 0 0 17 0.2 83 0 0 0 0.80 0.57 0.28
05-09 17:11:30 2183M 0 0 932M 52.0 100 14 0.3 85 0 0 0 0.80 0.57 0.28
05-09 17:11:31 2182M 0 0 932M 52.0 100 17 0.3 82 0 0 0 0.80 0.57 0.28
05-09 17:11:32 2182M 0 0 932M 104 200 17 0.2 0 473 0 0 0.80 0.57 0.28
05-09 17:11:33 2182M 0 0 932M 0 0 16 0.3 475 0 0 0 0.82 0.57 0.28
05-09 17:11:34 2182M 0 0 932M 0 100 17 0.2 83 0 0 0 0.82 0.57 0.28
05-09 17:11:35 2182M 0 0 932M 52.0 0 0.6 0 99 0 0 0 0.82 0.57 0.28
05-09 17:11:36 2182M 0 0 932M 0 0 0 0 100 0 0 0 0.82 0.57 0.28
05-09 17:11:37 2182M 0 0 932M 0 0 0 0.2 100 0 0 0 0.82 0.57 0.28
05-09 17:11:38 2182M 0 0 932M 0 0 0 0 100 0 0 0 0.75 0.56 0.28
05-09 17:11:39 2182M 0 0 932M 52.0 100 18 0.2 82 0 0 0 0.75 0.56 0.28
05-09 17:11:40 2182M 0 0 932M 0 0 17 0.3 83 0 0 0 0.75 0.56 0.28
05-09 17:11:41 2182M 0 0 932M 104 200 17 0.2 83 0 0 0 0.75 0.56 0.28
05-09 17:11:42 2182M 0 0 932M 0 0 17 0.3 83 0 0 0 0.75 0.56 0.28
05-09 17:11:43 2182M 0 0 932M 876 1236 16 0.3 83 0 0 0 0.85 0.59 0.29
05-09 17:11:44 2182M 0 0 932M 0 0 17 0.2 83 0 0 0 0.85 0.59 0.29
05-09 17:11:45 2182M 0 0 932M 0 0 17 0.2 83 0 0 0 0.85 0.59 0.29
05-09 17:11:46 2182M 0 0 932M 104 200 16 0 84 0 0 0 0.85 0.59 0.29
05-09 17:11:47 2182M 0 0 932M 0 0 17 0.2 83 0 0 0 0.85 0.59 0.29
05-09 17:11:48 2182M 0 0 932M 0 0 17 0.3 83 0 0 0 0.86 0.59 0.29
05-09 17:11:49 2182M 0 0 932M 52.0 100 14 0.3 85 0 0 0 0.86 0.59 0.29
05-09 17:11:50 2182M 0 0 932M 0 0 0 0 100 0 0 0 0.86 0.59 0.29
05-09 17:11:51 2182M 0 0 932M 0 0 0 0 100 0 0 0 0.86 0.59 0.29
05-09 17:11:52 2182M 0 0 932M 220 84.0 0 0 100 0 0 0 0.86 0.59 0.29
05-09 17:11:53 2182M 0 0 932M 240 268 3.3 0 97 0 0 0 0.79 0.58 0.29
05-09 17:11:54 2182M 0 0 932M 0 0 17 0.2 83 0 0 0 0.79 0.58 0.29
05-09 17:11:55 2183M 0 0 932M 0 0 16 0.2 83 0 0 0 0.79 0.58 0.29
05-09 17:11:56 2182M 0 0 932M 0 100 17 0.3 82 0 0 0 0.79 0.58 0.29
05-09 17:11:57 2182M 0 0 932M 188 152 17 0 83 0 0 0 0.79 0.58 0.29
05-09 17:11:58 2182M 0 0 932M 0 0 17 0.2 83 0 0 0 0.81 0.59 0.29
05-09 17:11:59 2182M 0 0 932M 0 0 17 0.2 83 0 0 0 0.81 0.59 0.29
05-09 17:12:00 2182M 0 0 932M 156 300 15 0.3 84 0 0 0 0.81 0.59 0.29
05-09 17:12:01 2182M 0 0 932M 0 0 17 0.2 83 0 0 0 0.81 0.59 0.29
05-09 17:12:02 2182M 0 0 932M 0 0 16 0.3 83 0 0 0 0.81 0.59 0.29
05-09 17:12:03 2182M 0 0 932M 0 0 17 0 83 0 0 0 0.83 0.60 0.29
05-09 17:12:04 2182M 0 0 932M 104 200 17 0.3 83 0 0 0 0.83 0.60 0.29
05-09 17:12:05 2183M 0 0 932M 0 0 15 0.2 85 0 0 0 0.83 0.60 0.29
05-09 17:12:06 2183M 0 0 932M 52.0 100 5.8 0.2 94 0 0 0 0.83 0.60 0.29
05-09 17:12:07 2183M 0 0 932M 0 0 0 0 100 0 0 0 0.83 0.60 0.29
05-09 17:12:08 2183M 0 0 932M 0 0 0 0.2 100 0 0 0 0.76 0.59 0.29
05-09 17:12:09 2183M 0 0 932M 0 0 0 0 100 0 0 0 0.76 0.59 0.29
05-09 17:12:10 2183M 0 0 932M 52.0 100 12 0 88 0 0 0 0.76 0.59 0.29
05-09 17:12:11 2183M 0 0 932M 0 0 17 0.3 82 0 0 0 0.76 0.59 0.29
05-09 17:12:12 2183M 0 0 932M 104 200 16 0.3 83 0 0 0 0.76 0.59 0.29
05-09 17:12:13 2183M 0 0 932M 0 0 16 0.3 83 0 0 0 0.78 0.59 0.30
05-09 17:12:14 2183M 0 0 932M 52.0 100 15 0 85 0 0 0 0.78 0.59 0.30
05-09 17:12:15 2183M 0 0 932M 52.0 100 15 0.5 84 0 0 0 0.78 0.59 0.30
05-09 17:12:16 2183M 0 0 932M 0 0 17 0 83 0 0 0 0.78 0.59 0.30
05-09 17:12:17 2183M 0 0 932M 104 200 17 0.2 83 0 0 0 0.78 0.59 0.30
05-09 17:12:18 2183M 0 0 932M 0 0 17 0.2 83 0 0 0 0.80 0.60 0.30
05-09 17:12:19 2183M 0 0 932M 0 0 17 0.2 83 0 0 0 0.80 0.60 0.30
05-09 17:12:20 2183M 0 0 932M 52.0 100 12 0 88 0 0 0 0.80 0.60 0.30
05-09 17:12:21 2183M 0 0 932M 0 0 0 0 100 0 0 0 0.80 0.60 0.30
05-09 17:12:22 2183M 0 0 932M 0 0 0 0 100 0 0 0 0.80 0.60 0.30
05-09 17:12:23 2183M 0 0 932M 0 0 0 0 100 0 0 0 0.73 0.59 0.30
05-09 17:12:24 2105M 0 0 1010M 52.0 116 0.2 0.2 100 0 0 0 0.73 0.59 0.30
05-09 17:12:25 2105M 0 0 1010M 0 0 0 0 100 0 0 0 0.73 0.59 0.30
05-09 17:12:26 2105M 0 0 1010M 0 0 0 0 100 0 0 0 0.73 0.59 0.30
05-09 17:12:27 2105M 0 0 1010M 0 0 0 0 100 0 0 0 0.73 0.59 0.30
05-09 17:12:28 2105M 0 0 1010M 0 0 0 0 100 0 0 0 0.67 0.58 0.30
05-09 17:12:29 2105M 0 0 1010M 0 0 0 0 100 0 0 0 0.67 0.58 0.30
05-09 17:12:30 2105M 0 0 1010M 0 0 0 0 100 0 0 0 0.67 0.58 0.30
05-09 17:12:31 2105M 0 0 1010M 0 0 0 0 100 0 0 0 0.67 0.58 0.30
05-09 17:12:32 2105M 0 0 1010M 0 0 0 0.2 100 0 0 0 0.67 0.58 0.30
05-09 17:12:33 2105M 0 0 1010M 0 0 0 0 100 0 0 0 0.62 0.57 0.29
05-09 17:12:34 2105M 0 0 1010M 0 0 0 0 100 0 0 0 0.62 0.57 0.29
05-09 17:12:35 2105M 0 0 1010M 0 0 0 0 100 0 0 0 0.62 0.57 0.29
05-09 17:12:36 2105M 0 0 1010M 0 0 0 0 100 0 0 0 0.62 0.57 0.29
05-09 17:12:37 2105M 0 0 1010M 0 0 0 0 100 0 0 0 0.62 0.57 0.29
05-09 17:12:38 2105M 0 0 1010M 0 0 0 0 100 0 0 0 0.57 0.56 0.29
05-09 17:12:39 2105M 0 0 1010M 0 0 0 0 100 0 0 0 0.57 0.56 0.29
05-09 17:12:40 2105M 0 0 1010M 824 1092 0.2 0 100 0 0 0 0.57 0.56 0.29
05-09 17:12:41 2105M 0 0 1010M 0 0 0 0 100 0 0 0 0.57 0.56 0.29
05-09 17:12:42 2105M 0 0 1010M 0 0 0 0 100 0 0 0 0.57 0.56 0.29
05-09 17:12:43 2105M 0 0 1010M 0 0 0.2 0 100 0 0 0 0.52 0.55 0.29
05-09 17:12:44 2105M 0 0 1010M 0 0 0 0 100 0 0 0 0.52 0.55 0.29
05-09 17:12:45 2105M 0 0 1010M 0 0 0 0 100 0 0 0 0.52 0.55 0.29
05-09 17:12:46 2105M 0 0 1010M 0 0 0 0 100 0 0 0 0.52 0.55 0.29
05-09 17:12:47 2105M 0 0 1009M 0 0 0 0 100 0 0 0 0.52 0.55 0.29
05-09 17:12:48 2105M 0 0 1010M 0 0 0 0 100 0 0 0 0.48 0.54 0.29
05-09 17:12:49 2105M 0 0 1010M 0 0 0 0 100 0 0 0 0.48 0.54 0.29
05-09 17:12:50 2105M 0 0 1010M 0 0 0 0 100 0 0 0 0.48 0.54 0.29
05-09 17:12:51 2105M 0 0 1010M 0 0 0 0 100 0 0 0 0.48 0.54 0.29
05-09 17:12:52 2105M 0 0 1010M 0 0 0 0 100 0 0 0 0.48 0.54 0.29
05-09 17:12:53 2105M 0 0 1010M 0 0 0 0 100 0 0 0 0.44 0.53 0.29
05-09 17:12:54 2105M 0 0 1010M 0 0 0 0 100 0 0 0 0.44 0.53 0.29
05-09 17:12:55 2105M 0 0 1010M 0 0 0 0 100 0 0 0 0.44 0.53 0.29
05-09 17:12:56 2105M 0 0 1010M 0 0 0 0 100 0 0 0 0.44 0.53 0.29
05-09 17:12:57 2105M 0 0 1010M 0 0 0 0 100 0 0 0 0.44 0.53 0.29
05-09 17:12:58 2105M 0 0 1010M 0 0 0.2 0 100 0 0 0 0.41 0.52 0.28
05-09 17:12:59 2105M 0 0 1010M 0 0 0 0 100 0 0 0 0.41 0.52 0.28
05-09 17:13:00 2105M 0 0 1010M 824 1188 4.2 0.4 95 0 0 0 0.41 0.52 0.28
05-09 17:13:01 2105M 0 0 1010M 0 0 0 0 100 0 0 0 0.41 0.52 0.28
05-09 17:13:02 2105M 0 0 1010M 0 0 0 0 100 0 0 0 0.41 0.52 0.28
05-09 17:13:03 2105M 0 0 1010M 0 0 0 0 100 0 0 0 0.37 0.51 0.28
05-09 17:13:04 2105M 0 0 1010M 0 0 0 0 100 0 0 0 0.37 0.51 0.28
05-09 17:13:05 2105M 0 0 1010M 0 0 0 0 100 0 0 0 0.37 0.51 0.28
05-09 17:13:06 2105M 0 0 1009M 84.0 52.0 0.2 0 100 0 0 0 0.37 0.51 0.28
05-09 17:13:07 2105M 0 0 1010M 188 1308 0 0.2 100 0 0 0 0.37 0.51 0.28
05-09 17:13:08 2105M 0 0 1010M 0 0 0 0 100 0 0 0 0.34 0.50 0.28
05-09 17:13:09 2105M 0 0 1010M 0 0 0 0 100 0 0 0 0.34 0.50 0.28
05-09 17:13:10 2105M 0 0 1010M 0 0 0 0 100 0 0 0 0.34 0.50 0.28
05-09 17:13:11 2105M 0 0 1010M 0 0 0 0 100 0 0 0 0.34 0.50 0.28
