06-09 11:51:01 2158M 0 0 957M 0 0 0.2 0.0 100 0.0 0 0 0.25 0.42 0.33
06-09 11:51:02 2167M 0 0 948M 136 0 20 1.2 78 0 0 0 0.31 0.43 0.34
06-09 11:51:03 2167M 0 0 948M 272 384 22 1.7 76 0 0 0 0.31 0.43 0.34
06-09 11:51:04 2170M 0 0 945M 136 100 22 1.4 77 0 0 0 0.31 0.43 0.34
06-09 11:51:05 2171M 0 0 943M 0 0 17 0 83 0 0 0 0.31 0.43 0.34
06-09 11:51:06 2217M 0 0 898M 136 84.0 25 1.2 74 0 0 0 0.31 0.43 0.34
06-09 11:51:07 2273M 0 0 841M 948 2032 28 1.4 71 0 0 0 0.44 0.46 0.35
06-09 11:51:08 2236M 0 0 878M 926 909 25 0.7 75 0 0 0 0.44 0.46 0.35
06-09 11:51:09 2242M 0 0 872M 0 0 11 0.7 0 09 0 0 0.44 0.46 0.35
06-09 11:51:10 2290M 0 0 825M 810 718 20 1.1 58 0 0 0 0.44 0.46 0.35
06-09 11:51:11 2275M 0 0 840M 0.034375 0.03427734375 28 0.9 72 0 0 0 0.44 0.46 0.35
06-09 11:51:12 2311M 0 0 804M 0 0 28 1.1 71 0 0 0 0.57 0.48 0.35
06-09 11:51:13 2228M 0 0 887M 0.0484375 0.04853515625 26 1.3 73 0 0 0 0.57 0.48 0.35
06-09 11:51:14 2216M 0 0 898M 0.0572265625 0.0572265625 17 2.4 81 0 0 0 0.57 0.48 0.35
06-09 11:51:15 2298M 0 0 816M 156 2709 27 1.7 71 0 0 0 0.57 0.48 0.35
06-09 11:51:16 2336M 0 0 779M 0.04775390625 0.0474609375 27 2.0 71 0 0 0 0.57 0.48 0.35
06-09 11:51:17 2290M 0 0 825M 0.034375 0.0341796875 20 2.0 78 0 0 0 0.68 0.51 0.36
06-09 11:51:18 2309M 0 0 805M 0.04609375 0.0458984375 24 1.6 74 0 0 0 0.68 0.51 0.36
06-09 11:51:19 2324M 0 0 790M 0.05498046875 0.05478515625 27 2.1 71 0 0 0 0.68 0.51 0.36
06-09 11:51:20 2356M 0 0 759M 0.03037109375 0.0302734375 27 1.3 71 0 0 0 0.68 0.51 0.36
06-09 11:51:21 2336M 0 0 778M 0.07421875 0.07412109375 27 1.7 71 0 0 0 0.68 0.51 0.36
06-09 11:51:22 2275M 0 0 840M 0.0802734375 0.08017578125 22 2.1 76 0 0 0 0.87 0.55 0.38
06-09 11:51:23 2308M 0 0 806M 0.03564453125 0.03544921875 26 2.4 71 0 0 0 0.87 0.55 0.38
06-09 11:51:24 2329M 0 0 785M 0.0447265625 0.04462890625 24 2.6 73 0 0 0 0.87 0.55 0.38
06-09 11:51:25 2294M 0 0 821M 0.0884765625 0.099609375 26 2.9 71 0 0 0 0.87 0.55 0.38
06-09 11:51:26 2323M 0 0 791M 0.03544921875 0.0353515625 27 2.1 71 0 0 0 0.87 0.55 0.38
06-09 11:51:27 2357M 0 0 757M 0.0361328125 0.03603515625 27 2.1 71 0 0 0 0.96 0.57 0.39
06-09 11:51:28 2339M 0 0 776M 0.075390625 0.0751953125 26 2.7 71 0 0 0 0.96 0.57 0.39
06-09 11:51:29 2314M 0 0 801M 0.07392578125 0.07373046875 26 2.3 72 0 0 0 0.96 0.57 0.39
06-09 11:51:30 2277M 0 0 838M 0.075 0.0748046875 26 2.3 71 0 0 0 0.96 0.57 0.39
06-09 11:51:31 2362M 0 0 753M 0.03779296875 0.037890625 27 1.1 72 0 0 0 0.96 0.57 0.39
06-09 11:51:32 2321M 0 0 794M 0.0400390625 0.03955078125 23 2.1 75 0 0 0 1.04 0.60 0.39
06-09 11:51:33 2350M 0 0 764M 0.04228515625 0.0421875 27 1.7 72 0 0 0 1.04 0.60 0.39
06-09 11:51:34 2315M 0 0 799M 0.08681640625 0.08671875 26 2.7 72 0 0 0 1.04 0.60 0.39
06-09 11:51:35 2277M 0 0 838M 0.07373046875 0.08798828125 27 2.1 71 0 0 0 1.04 0.60 0.39
06-09 11:51:36 2361M 0 0 753M 0 0 27 1.7 0 13 0 0 1.04 0.60 0.39
06-09 11:51:37 2342M 0 0 773M 0.08720703125 0.08671875 26 2.3 16 0 0 0 1.12 0.62 0.40
06-09 11:51:38 2304M 0 0 811M 0.080859375 0.0806640625 25 2.5 72 0 0 0 1.12 0.62 0.40
06-09 11:51:39 2317M 0 0 797M 0.03369140625 0.03349609375 25 1.2 0 24 0 0 1.12 0.62 0.40
06-09 11:51:40 2349M 0 0 765M 0.03740234375 0.03740234375 24 2.5 21 0 0 0 1.12 0.62 0.40
06-09 11:51:41 2323M 0 0 791M 0.0759765625 0.07568359375 26 3.1 71 0 0 0 1.12 0.62 0.40
06-09 11:51:42 2350M 0 0 765M 0.03427734375 0.0341796875 26 2.2 72 0 0 0 1.19 0.64 0.41
06-09 11:51:43 2358M 0 0 757M 0.0517578125 0.0515625 26 2.4 72 0 0 0 1.19 0.64 0.41
06-09 11:51:44 2338M 0 0 776M 0.0986328125 0.0986328125 26 2.7 71 0 0 0 1.19 0.64 0.41
06-09 11:51:45 2312M 0 0 802M 0.0728515625 0.0904296875 27 1.6 72 0 0 0 1.19 0.64 0.41
06-09 11:51:46 2261M 0 0 854M 0.08994140625 0.08984375 26 2.6 71 0 0 0 1.19 0.64 0.41
06-09 11:51:47 2359M 0 0 756M 0 0 27 2.1 71 0 0 0 1.25 0.66 0.42
06-09 11:51:48 2340M 0 0 775M 0.07783203125 0.07763671875 26 2.8 71 0 0 0 1.25 0.66 0.42
06-09 11:51:49 2313M 0 0 801M 0.07333984375 0.07314453125 27 2.1 71 0 0 0 1.25 0.66 0.42
06-09 11:51:50 2329M 0 0 786M 0.03427734375 0.0341796875 26 3.0 71 0 0 0 1.25 0.66 0.42
06-09 11:51:51 2357M 0 0 757M 0.0556640625 0.05537109375 26 2.4 72 0 0 0 1.25 0.66 0.42
06-09 11:51:52 2334M 0 0 780M 0.0859375 0.0857421875 26 2.4 71 0 0 0 1.31 0.69 0.43
06-09 11:51:53 2340M 0 0 774M 0.036328125 0.036328125 26 2.4 71 0 0 0 1.31 0.69 0.43
06-09 11:51:54 2382M 0 0 733M 0 0 27 2.8 70 0 0 0 1.31 0.69 0.43
06-09 11:51:55 2370M 0 0 745M 0.04296875 0.05712890625 27 2.0 71 0 0 0 1.31 0.69 0.43
06-09 11:51:56 2353M 0 0 761M 0.04345703125 0.04326171875 24 2.6 73 0 0 0 1.31 0.69 0.43
06-09 11:51:57 2334M 0 0 781M 0.0361328125 0.0361328125 25 2.3 73 0 0 0 1.37 0.71 0.44
06-09 11:51:58 2381M 0 0 734M 0 0 27 2.8 71 0 0 0 1.37 0.71 0.44
06-09 11:51:59 2369M 0 0 746M 0.03623046875 0.0361328125 27 2.9 70 0 0 0 1.37 0.71 0.44
06-09 11:52:00 2357M 0 0 757M 0.0365234375 0.0365234375 27 2.3 71 0 0 0 1.37 0.71 0.44
06-09 11:52:01 2349M 0 0 766M 0.03486328125 0.0349609375 28 2.8 69 0 0 0 1.37 0.71 0.44
06-09 11:52:02 2437M 0 0 678M 0 0 34 3.2 63 0 0 0 1.50 0.75 0.45
06-09 11:52:03 2425M 0 0 690M 0.04072265625 0.04072265625 37 2.9 60 0 0 0 1.50 0.75 0.45
06-09 11:52:04 2406M 0 0 708M 0.04404296875 0.0439453125 37 3.2 60 0 0 0 1.50 0.75 0.45
06-09 11:52:05 2443M 0 0 671M 364 7891 37 2.8 61 0 0 0 1.50 0.75 0.45
06-09 11:52:06 2430M 0 0 684M 0.03935546875 0.03916015625 36 2.6 62 0 0 0 1.50 0.75 0.45
06-09 11:52:07 2417M 0 0 697M 0.03759765625 0.03740234375 34 2.8 63 0 0 0 1.54 0.77 0.46
06-09 11:52:08 2397M 0 0 717M 0.03564453125 0.035546875 34 2.8 63 0 0 0 1.54 0.77 0.46
06-09 11:52:09 2450M 0 0 664M 0 0 35 2.6 63 0 0 0 1.54 0.77 0.46
06-09 11:52:10 2409M 0 0 706M 0 7040 30 3.1 67 0 0 0 1.54 0.77 0.46
06-09 11:52:11 2408M 0 0 707M 0 1408 28 1.8 70 0 0 0 1.54 0.77 0.46
06-09 11:52:12 2365M 0 0 750M 0.1845703125 0.185546875 25 1.9 73 0 0 0 1.57 0.79 0.47
06-09 11:52:13 2389M 0 0 726M 0.07998046875 0.0771484375 33 1.8 65 0 0 0 1.57 0.79 0.47
06-09 11:52:14 2420M 0 0 694M 0.03935546875 0.03916015625 36 2.2 62 0 0 0 1.57 0.79 0.47
06-09 11:52:15 2384M 0 0 730M 0.0751953125 0.08076171875 35 2.5 63 0 0 0 1.57 0.79 0.47
06-09 11:52:16 2412M 0 0 702M 0.0412109375 0.04111328125 35 2.6 62 0 0 0 1.57 0.79 0.47
06-09 11:52:17 2381M 0 0 733M 0.07841796875 0.078125 35 2.2 63 0 0 0 1.69 0.82 0.48
06-09 11:52:18 2412M 0 0 703M 0.03759765625 0.0375 35 2.0 63 0 0 0 1.69 0.82 0.48
06-09 11:52:19 2446M 0 0 669M 0.03369140625 0.03359375 36 2.1 62 0 0 0 1.69 0.82 0.48
06-09 11:52:20 2404M 0 0 711M 0.09716796875 0.09677734375 35 3.2 62 0 0 0 1.69 0.82 0.48
06-09 11:52:21 2457M 0 0 657M 0 0 35 2.4 63 0 0 0 1.69 0.82 0.48
06-09 11:52:22 2429M 0 0 685M 0.1162109375 0.115234375 35 2.8 63 0 0 0 1.79 0.86 0.49
06-09 11:52:23 2397M 0 0 718M 0.087109375 0.08671875 35 2.6 62 0 0 0 1.79 0.86 0.49
06-09 11:52:24 2404M 0 0 710M 0.0423828125 0.05009765625 36 2.2 62 0 0 0 1.79 0.86 0.49
06-09 11:52:25 2438M 0 0 676M 0.0369140625 0.04755859375 36 1.9 62 0 0 0 1.79 0.86 0.49
06-09 11:52:26 2403M 0 0 712M 0.1015625 0.1015625 35 2.7 62 0 0 0 1.79 0.86 0.49
06-09 11:52:27 2355M 0 0 760M 0.07353515625 0.07333984375 34 2.5 63 0 0 0 1.89 0.89 0.50
06-09 11:52:28 2451M 0 0 663M 0 0 36 1.9 62 0 0 0 1.89 0.89 0.50
06-09 11:52:29 2429M 0 0 686M 0.071875 0.07197265625 35 2.7 62 0 0 0 1.89 0.89 0.50
06-09 11:52:30 2398M 0 0 716M 0.0744140625 0.07421875 35 2.0 63 0 0 0 1.89 0.89 0.50
06-09 11:52:31 2358M 0 0 756M 0.071484375 0.0712890625 35 2.5 62 0 0 0 1.89 0.89 0.50
06-09 11:52:32 2444M 0 0 670M 0 0 36 1.9 63 0 0 0 1.98 0.93 0.52
06-09 11:52:33 2422M 0 0 692M 0.08017578125 0.0798828125 35 2.2 62 0 0 0 1.98 0.93 0.52
06-09 11:52:34 2383M 0 0 731M 0.07734375 0.0771484375 35 2.9 62 0 0 0 1.98 0.93 0.52
06-09 11:52:35 2409M 0 0 706M 0.03515625 0.05009765625 36 1.9 63 0 0 0 1.98 0.93 0.52
06-09 11:52:36 2444M 0 0 671M 0.03369140625 0.03359375 36 2.1 62 0 0 0 1.98 0.93 0.52
06-09 11:52:37 2414M 0 0 701M 0.09208984375 0.09169921875 36 3.1 61 0 0 0 2.06 0.96 0.53
06-09 11:52:38 2459M 0 0 656M 0.03486328125 0.034765625 35 2.3 63 0 0 0 2.06 0.96 0.53
06-09 11:52:39 2441M 0 0 674M 0.09580078125 0.0955078125 35 1.9 63 0 0 0 2.06 0.96 0.53
06-09 11:52:40 2466M 0 0 649M 0.0400390625 0.040234375 36 1.8 63 0 0 0 2.06 0.96 0.53
06-09 11:52:41 2431M 0 0 684M 0.07158203125 0.07138671875 36 2.2 62 0 0 0 2.06 0.96 0.53
06-09 11:52:42 2474M 0 0 641M 0.03564453125 0.035546875 36 1.9 63 0 0 0 2.14 1.00 0.54
06-09 11:52:43 2451M 0 0 664M 0.07646484375 0.0763671875 35 2.6 62 0 0 0 2.14 1.00 0.54
06-09 11:52:44 2410M 0 0 705M 0.0783203125 0.078125 37 1.8 62 0 0 0 2.14 1.00 0.54
06-09 11:52:45 2497M 0 0 617M 572 0.01328125 36 2.1 62 0 0 0 2.14 1.00 0.54
06-09 11:52:46 2425M 0 0 690M 0.126953125 0.1259765625 34 2.9 63 0 0 0 2.14 1.00 0.54
06-09 11:52:47 2440M 0 0 674M 0.03857421875 0.0384765625 34 2.5 64 0 0 0 2.20 1.03 0.56
06-09 11:52:48 2478M 0 0 637M 0.04892578125 0.04892578125 35 2.1 63 0 0 0 2.20 1.03 0.56
06-09 11:52:49 2449M 0 0 666M 0.07578125 0.0755859375 35 2.0 63 0 0 0 2.20 1.03 0.56
06-09 11:52:50 2417M 0 0 697M 0.0755859375 0.07548828125 36 2.1 62 0 0 0 2.20 1.03 0.56
06-09 11:52:51 2450M 0 0 664M 0.03681640625 0.0365234375 36 1.9 62 0 0 0 2.20 1.03 0.56
06-09 11:52:52 2487M 0 0 628M 0.0380859375 0.03798828125 37 1.2 62 0 0 0 2.27 1.06 0.57
06-09 11:52:53 2458M 0 0 657M 0.0828125 0.0826171875 35 2.5 63 0 0 0 2.27 1.06 0.57
06-09 11:52:54 2450M 0 0 665M 0.0376953125 0.0375 35 2.9 62 0 0 0 2.27 1.06 0.57
06-09 11:52:55 2475M 0 0 639M 0.076171875 0.08955078125 35 2.9 62 0 0 0 2.27 1.06 0.57
06-09 11:52:56 2448M 0 0 666M 0.07685546875 0.07646484375 35 2.3 63 0 0 0 2.27 1.06 0.57
06-09 11:52:57 2410M 0 0 704M 0.06748046875 0.0671875 35 2.2 63 0 0 0 2.33 1.09 0.58
06-09 11:52:58 2499M 0 0 615M 0 0 36 1.9 62 0 0 0 2.33 1.09 0.58
06-09 11:52:59 2498M 0 0 617M 0.03740234375 0.0373046875 35 2.3 63 0 0 0 2.33 1.09 0.58
06-09 11:53:00 2477M 0 0 638M 0.0375 0.03740234375 34 1.9 64 0 0 0 2.33 1.09 0.58
06-09 11:53:01 2513M 0 0 601M 156 462 35 2.7 62 0 0 0 2.33 1.09 0.58
06-09 11:53:02 2503M 0 0 612M 0.03759765625 0.0375 36 2.2 61 0 0 0 2.46 1.14 0.60
06-09 11:53:03 2497M 0 0 618M 0.03662109375 0.03642578125 36 3.2 61 0 0 0 2.46 1.14 0.60
06-09 11:53:04 2460M 0 0 654M 0.05615234375 0.055859375 34 3.1 63 0 0 0 2.46 1.14 0.60
06-09 11:53:05 2509M 0 0 605M 468 0.01064453125 36 2.1 62 0 0 0 2.46 1.14 0.60
06-09 11:53:06 2497M 0 0 617M 0.0361328125 0.03603515625 36 2.3 61 0 0 0 2.46 1.14 0.60
06-09 11:53:07 2514M 0 0 601M 0.055078125 0.05927734375 35 2.1 63 0 0 0 2.58 1.19 0.62
06-09 11:53:08 2505M 0 0 610M 5041 926 36 2.1 62 0 0 0 2.58 1.19 0.62
06-09 11:53:09 2493M 0 0 621M 0.0435546875 0.043359375 35 2.5 63 0 0 0 2.58 1.19 0.62
06-09 11:53:10 2514M 0 0 600M 84.0 84.0 31 2.5 0 83 0 0 2.58 1.19 0.62
06-09 11:53:11 2491M 0 0 623M 0.038671875 0.0384765625 31 1.9 90 0 0 0 2.58 1.19 0.62
06-09 11:53:12 2471M 0 0 644M 0.0361328125 0.0359375 34 2.8 63 0 0 0 2.78 1.25 0.64
06-09 11:53:13 2513M 0 0 601M 0 0 35 2.3 63 0 0 0 2.78 1.25 0.64
06-09 11:53:14 2501M 0 0 613M 0.0359375 0.0357421875 34 2.5 63 0 0 0 2.78 1.25 0.64
06-09 11:53:15 2491M 0 0 624M 0.0353515625 0.04453125 34 3.3 63 0 0 0 2.78 1.25 0.64
06-09 11:53:16 2518M 0 0 597M 0 0 35 2.8 62 0 0 0 2.78 1.25 0.64
06-09 11:53:17 2454M 0 0 661M 0.185546875 0.185546875 33 3.6 64 0 0 0 2.79 1.28 0.65
06-09 11:53:18 2479M 0 0 636M 0.09111328125 0.09072265625 35 3.1 62 0 0 0 2.79 1.28 0.65
06-09 11:53:19 2450M 0 0 664M 0.08037109375 0.07998046875 36 2.0 62 0 0 0 2.79 1.28 0.65
06-09 11:53:20 2416M 0 0 698M 0.06982421875 0.06953125 36 2.1 62 0 0 0 2.79 1.28 0.65
06-09 11:53:21 2445M 0 0 669M 0.0373046875 0.037890625 36 2.1 62 0 0 0 2.79 1.28 0.65
06-09 11:53:22 2487M 0 0 628M 0.037109375 0.03701171875 36 1.7 62 0 0 0 2.81 1.31 0.67
06-09 11:53:23 2432M 0 0 682M 0.1103515625 0.1103515625 35 2.9 62 0 0 0 2.81 1.31 0.67
06-09 11:53:24 2458M 0 0 657M 0.0365234375 0.036328125 36 2.1 62 0 0 0 2.81 1.31 0.67
06-09 11:53:25 2486M 0 0 629M 0.058203125 0.06806640625 35 2.5 62 0 0 0 2.81 1.31 0.67
06-09 11:53:26 2458M 0 0 657M 0.0734375 0.0732421875 35 2.4 63 0 0 0 2.81 1.31 0.67
06-09 11:53:27 2480M 0 0 634M 0.03974609375 0.0396484375 35 2.9 62 0 0 0 2.83 1.34 0.68
06-09 11:53:28 2495M 0 0 620M 0.05498046875 0.05498046875 35 2.4 62 0 0 0 2.83 1.34 0.68
06-09 11:53:29 2421M 0 0 693M 0.134765625 0.1337890625 35 3.1 62 0 0 0 2.83 1.34 0.68
06-09 11:53:30 2451M 0 0 664M 0.03427734375 0.0341796875 35 2.2 62 0 0 0 2.83 1.34 0.68
06-09 11:53:31 2509M 0 0 606M 0 0 35 3.0 62 0 0 0 2.83 1.34 0.68
06-09 11:53:32 2474M 0 0 641M 0.1171875 0.1171875 35 2.4 63 0 0 0 2.84 1.36 0.69
06-09 11:53:33 2434M 0 0 680M 0.0916015625 0.09140625 35 3.0 62 0 0 0 2.84 1.36 0.69
06-09 11:53:34 2449M 0 0 666M 0.03427734375 0.0341796875 34 1.9 0 68 0 0 2.84 1.36 0.69
06-09 11:53:35 2499M 0 0 615M 572 0.01240234375 28 1.3 0 70 0 0 2.84 1.36 0.69
06-09 11:53:36 2472M 0 0 642M 0.07744140625 0.07724609375 34 2.8 64 0 0 0 2.84 1.36 0.69
06-09 11:53:37 2443M 0 0 671M 0.07333984375 0.0734375 36 2.3 62 0 0 0 2.85 1.39 0.70
06-09 11:53:38 2403M 0 0 712M 0.06875 0.06845703125 36 1.9 63 0 0 0 2.85 1.39 0.70
06-09 11:53:39 2489M 0 0 625M 0 0 36 2.0 62 0 0 0 2.85 1.39 0.70
06-09 11:53:40 2457M 0 0 657M 0.099609375 0.099609375 33 2.9 0 68 0 0 2.85 1.39 0.70
06-09 11:53:41 2410M 0 0 705M 0.07958984375 0.07939453125 33 2.1 72 0 0 0 2.85 1.39 0.70
06-09 11:53:42 2502M 0 0 612M 0 0 36 1.5 62 0 0 0 2.86 1.42 0.72
06-09 11:53:43 2470M 0 0 644M 0.09609375 0.09580078125 34 3.2 62 0 0 0 2.86 1.42 0.72
06-09 11:53:44 2426M 0 0 689M 0.0912109375 0.091015625 35 2.7 62 0 0 0 2.86 1.42 0.72
06-09 11:53:45 2441M 0 0 673M 0.05556640625 0.06767578125 36 1.9 62 0 0 0 2.86 1.42 0.72
06-09 11:53:46 2464M 0 0 651M 0.04091796875 0.0408203125 34 2.4 63 0 0 0 2.86 1.42 0.72
06-09 11:53:47 2437M 0 0 678M 0.041796875 0.0416015625 35 2.5 63 0 0 0 2.95 1.46 0.73
06-09 11:53:48 2466M 0 0 649M 0.034375 0.03427734375 36 1.9 63 0 0 0 2.95 1.46 0.73
06-09 11:53:49 2493M 0 0 621M 0.0140625 0.0205078125 35 2.5 62 0 0 0 2.95 1.46 0.73
06-09 11:53:50 2475M 0 0 639M 0.02861328125 0.021875 35 2.4 63 0 0 0 2.95 1.46 0.73
06-09 11:53:51 2453M 0 0 662M 0.03837890625 0.03828125 35 1.9 63 0 0 0 2.95 1.46 0.73
06-09 11:53:52 2415M 0 0 700M 0.03818359375 0.03798828125 35 2.1 63 0 0 0 2.96 1.49 0.75
06-09 11:53:53 2445M 0 0 670M 0.036328125 0.03623046875 36 2.0 62 0 0 0 2.96 1.49 0.75
06-09 11:53:54 2486M 0 0 628M 1417 1335 35 1.9 63 0 0 0 2.96 1.49 0.75
06-09 11:53:55 2467M 0 0 648M 0.0392578125 0.0556640625 35 2.1 63 0 0 0 2.96 1.49 0.75
06-09 11:53:56 2440M 0 0 674M 0.040234375 0.0400390625 35 2.7 62 0 0 0 2.96 1.49 0.75
06-09 11:53:57 2464M 0 0 651M 0.0390625 0.0388671875 36 1.5 63 0 0 0 2.96 1.51 0.76
06-09 11:53:58 2495M 0 0 620M 1399 1317 36 1.6 63 0 0 0 2.96 1.51 0.76
06-09 11:53:59 2471M 0 0 643M 0.04482421875 0.0447265625 34 3.0 63 0 0 0 2.96 1.51 0.76
06-09 11:54:00 2440M 0 0 675M 0.0478515625 0.04775390625 35 2.2 62 0 0 0 2.96 1.51 0.76
06-09 11:54:01 2402M 0 0 713M 0.04150390625 0.0416015625 36 2.2 62 0 0 0 2.96 1.51 0.76
06-09 11:54:02 2499M 0 0 616M 0 0 36 1.9 0 60 0 0 2.96 1.53 0.77
06-09 11:54:03 2473M 0 0 641M 0.04609375 0.0458984375 35 2.5 64 0 0 0 2.96 1.53 0.77
06-09 11:54:04 2452M 0 0 663M 0.0369140625 0.03681640625 35 2.2 63 0 0 0 2.96 1.53 0.77
06-09 11:54:05 2416M 0 0 699M 0.036328125 0.0537109375 35 2.1 63 0 0 0 2.96 1.53 0.77
06-09 11:54:06 2448M 0 0 667M 2235 2061 35 1.9 63 0 0 0 2.96 1.53 0.77
06-09 11:54:07 2486M 0 0 628M 2239 2409 35 2.0 63 0 0 0 2.97 1.56 0.78
06-09 11:54:08 2461M 0 0 653M 2825 2661 36 2.5 62 0 0 0 2.97 1.56 0.78
06-09 11:54:09 2438M 0 0 676M 2832 2668 36 1.6 63 0 0 0 2.97 1.56 0.78
06-09 11:54:10 2476M 0 0 639M 1417 1335 35 2.2 62 0 0 0 2.97 1.56 0.78
06-09 11:54:11 2448M 0 0 666M 2815 2651 36 1.9 63 0 0 0 2.97 1.56 0.78
06-09 11:54:12 2487M 0 0 628M 1417 1335 36 1.6 63 0 0 0 2.97 1.58 0.79
06-09 11:54:13 2462M 0 0 652M 2816 2652 35 2.2 63 0 0 0 2.97 1.58 0.79
06-09 11:54:14 2435M 0 0 680M 2831 2667 35 1.6 63 0 0 0 2.97 1.58 0.79
06-09 11:54:15 2475M 0 0 639M 2282 0.02275390625 36 1.5 62 0 0 0 2.97 1.58 0.79
06-09 11:54:16 2456M 0 0 659M 2798 2634 36 2.0 62 0 0 0 2.97 1.58 0.79
06-09 11:54:17 2431M 0 0 684M 2815 2651 35 2.1 63 0 0 0 2.97 1.61 0.80
06-09 11:54:18 2466M 0 0 649M 1400 1318 36 1.6 62 0 0 0 2.97 1.61 0.80
06-09 11:54:19 2439M 0 0 676M 2816 2652 36 1.6 63 0 0 0 2.97 1.61 0.80
06-09 11:54:20 2479M 0 0 635M 1417 1335 35 2.5 62 0 0 0 2.97 1.61 0.80
06-09 11:54:21 2455M 0 0 660M 2815 2651 35 2.4 63 0 0 0 2.97 1.61 0.80
06-09 11:54:22 2429M 0 0 685M 2814 2650 36 2.0 62 0 0 0 2.97 1.63 0.82
06-09 11:54:23 2456M 0 0 659M 1398 1316 35 1.6 63 0 0 0 2.97 1.63 0.82
06-09 11:54:24 2492M 0 0 623M 1399 1317 36 2.1 62 0 0 0 2.97 1.63 0.82
06-09 11:54:25 2471M 0 0 643M 3700 0.0240234375 35 2.5 63 0 0 0 2.97 1.63 0.82
06-09 11:54:26 2450M 0 0 664M 2798 2634 36 2.2 62 0 0 0 2.97 1.63 0.82
06-09 11:54:27 2477M 0 0 638M 1432 1350 35 2.1 62 0 0 0 2.97 1.65 0.83
06-09 11:54:28 2453M 0 0 662M 2798 2634 36 1.6 62 0 0 0 2.97 1.65 0.83
06-09 11:54:29 2491M 0 0 623M 1417 1335 36 1.8 0 62 0 0 2.97 1.65 0.83
06-09 11:54:30 2467M 0 0 648M 2852 2688 35 2.2 60 0 0 0 2.97 1.65 0.83
06-09 11:54:31 2412M 0 0 703M 2886 2670 31 1.5 67 0 0 0 2.97 1.65 0.83
06-09 11:54:32 2506M 0 0 609M 0 0 36 1.1 63 0 0 0 2.98 1.67 0.84
06-09 11:54:33 2482M 0 0 632M 2812 2648 35 2.3 63 0 0 0 2.98 1.67 0.84
06-09 11:54:34 2471M 0 0 643M 2815 2651 36 1.7 62 0 0 0 2.98 1.67 0.84
06-09 11:54:35 2440M 0 0 674M 3735 0.02412109375 35 1.9 63 0 0 0 2.98 1.67 0.84
06-09 11:54:36 2402M 0 0 713M 2832 2668 35 1.6 63 0 0 0 2.98 1.67 0.84
06-09 11:54:37 2499M 0 0 616M 0 0 35 2.3 63 0 0 0 2.98 1.70 0.85
06-09 11:54:38 2482M 0 0 633M 2815 2651 35 2.0 63 0 0 0 2.98 1.70 0.85
06-09 11:54:39 2470M 0 0 645M 2810 2646 34 2.8 63 0 0 0 2.98 1.70 0.85
06-09 11:54:40 2441M 0 0 674M 2798 2634 35 2.4 62 0 0 0 2.98 1.70 0.85
06-09 11:54:41 2407M 0 0 708M 2798 2634 36 1.9 62 0 0 0 2.98 1.70 0.85
06-09 11:54:42 2501M 0 0 614M 0 0 36 2.0 62 0 0 0 2.98 1.72 0.86
06-09 11:54:43 2484M 0 0 631M 2828 2664 35 2.6 62 0 0 0 2.98 1.72 0.86
06-09 11:54:44 2469M 0 0 645M 2804 2640 35 2.3 63 0 0 0 2.98 1.72 0.86
06-09 11:54:45 2441M 0 0 673M 3638 0.02216796875 35 2.6 62 0 0 0 2.98 1.72 0.86
06-09 11:54:46 2403M 0 0 712M 3584 3652 33 2.1 65 0 0 0 2.98 1.72 0.86
06-09 11:54:47 2497M 0 0 618M 0 0 36 1.5 62 0 0 0 2.98 1.74 0.87
06-09 11:54:48 2481M 0 0 633M 2799 2635 35 2.4 63 0 0 0 2.98 1.74 0.87
06-09 11:54:49 2461M 0 0 654M 2834 2670 35 2.3 63 0 0 0 2.98 1.74 0.87
06-09 11:54:50 2429M 0 0 686M 2833 2669 35 1.9 63 0 0 0 2.98 1.74 0.87
06-09 11:54:51 2460M 0 0 655M 1399 1317 36 1.6 62 0 0 0 2.98 1.74 0.87
06-09 11:54:52 2496M 0 0 618M 1399 1317 36 1.8 63 0 0 0 2.98 1.76 0.88
06-09 11:54:53 2481M 0 0 634M 2816 2652 36 2.4 62 0 0 0 2.98 1.76 0.88
06-09 11:54:54 2457M 0 0 658M 2834 2670 35 1.9 63 0 0 0 2.98 1.76 0.88
06-09 11:54:55 2421M 0 0 694M 3641 0.02265625 36 1.4 63 0 0 0 2.98 1.76 0.88
06-09 11:54:56 2452M 0 0 662M 1411 1329 36 1.9 62 0 0 0 2.98 1.76 0.88
06-09 11:54:57 2361M 0 0 753M 1469 1486 31 2.1 67 0 0 0 2.98 1.78 0.89
06-09 11:54:58 2347M 0 0 767M 2850 2686 25 2.0 73 0 0 0 2.98 1.78 0.89
06-09 11:54:59 2325M 0 0 789M 2807 2643 26 2.7 71 0 0 0 2.98 1.78 0.89
06-09 11:55:00 2295M 0 0 820M 2881 2765 27 2.0 71 0 0 0 2.98 1.78 0.89
06-09 11:55:01 2363M 0 0 751M 1503 1628 31 2.5 0 83 0 0 2.98 1.78 0.89
06-09 11:55:02 2418M 0 0 696M 1417 1335 37 2.4 50 0 0 0 2.98 1.80 0.91
06-09 11:55:03 2402M 0 0 713M 2816 2652 37 3.7 60 0 0 0 2.98 1.80 0.91
06-09 11:55:04 2366M 0 0 749M 2797 2633 38 2.8 59 0 0 0 2.98 1.80 0.91
06-09 11:55:05 2393M 0 0 722M 2220 0.02060546875 37 2.5 0 49 0 0 2.98 1.80 0.91
06-09 11:55:06 2430M 0 0 685M 1416 1334 37 1.4 58 0 0 0 2.98 1.80 0.91
06-09 11:55:07 2414M 0 0 701M 3629 3717 35 1.8 63 0 0 0 2.99 1.82 0.92
06-09 11:55:08 2394M 0 0 721M 2816 2652 35 2.4 62 0 0 0 2.99 1.82 0.92
06-09 11:55:09 2361M 0 0 754M 2825 2661 36 1.5 63 0 0 0 2.99 1.82 0.92
06-09 11:55:10 2393M 0 0 721M 1399 1317 36 1.2 62 0 0 0 2.99 1.82 0.92
06-09 11:55:11 2428M 0 0 686M 1420 1338 36 2.0 62 0 0 0 2.99 1.82 0.92
06-09 11:55:12 2414M 0 0 701M 2820 2656 35 2.0 63 0 0 0 2.99 1.84 0.93
06-09 11:55:13 2395M 0 0 720M 2796 2632 35 2.1 63 0 0 0 2.99 1.84 0.93
06-09 11:55:14 2366M 0 0 749M 2808 2644 36 1.9 0 60 0 0 2.99 1.84 0.93
06-09 11:55:15 2395M 0 0 719M 2305 0.021875 36 1.5 60 0 0 0 2.99 1.84 0.93
06-09 11:55:16 2430M 0 0 684M 1399 1317 36 1.4 63 0 0 0 2.99 1.84 0.93
06-09 11:55:17 2410M 0 0 705M 2834 2670 34 2.3 64 0 0 0 2.99 1.86 0.94
06-09 11:55:18 2374M 0 0 741M 3658 3746 35 2.4 63 0 0 0 2.99 1.86 0.94
06-09 11:55:19 2406M 0 0 709M 1412 1330 35 2.0 63 0 0 0 2.99 1.86 0.94
06-09 11:55:20 2377M 0 0 738M 2851 2687 35 2.1 63 0 0 0 2.99 1.86 0.94
06-09 11:55:21 2422M 0 0 692M 1401 1319 36 2.1 62 0 0 0 2.99 1.86 0.94
06-09 11:55:22 2402M 0 0 713M 2815 2651 35 2.1 63 0 0 0 2.99 1.88 0.95
06-09 11:55:23 2381M 0 0 734M 2810 2646 35 2.6 62 0 0 0 2.99 1.88 0.95
06-09 11:55:24 2348M 0 0 767M 2815 2651 36 1.5 63 0 0 0 2.99 1.88 0.95
06-09 11:55:25 2381M 0 0 734M 2300 0.02109375 35 1.9 63 0 0 0 2.99 1.88 0.95
06-09 11:55:26 2425M 0 0 689M 1397 1315 36 2.2 62 0 0 0 2.99 1.88 0.95
06-09 11:55:27 2413M 0 0 702M 2798 2634 35 2.6 62 0 0 0 2.99 1.89 0.96
06-09 11:55:28 2385M 0 0 730M 2828 2664 35 2.0 63 0 0 0 2.99 1.89 0.96
06-09 11:55:29 2411M 0 0 704M 1400 1318 36 1.6 63 0 0 0 2.99 1.89 0.96
06-09 11:55:30 2386M 0 0 728M 2816 2652 36 1.5 63 0 0 0 2.99 1.89 0.96
06-09 11:55:31 2427M 0 0 687M 1400 1318 35 2.1 63 0 0 0 2.99 1.89 0.96
06-09 11:55:32 2411M 0 0 704M 2849 2685 35 2.0 63 0 0 0 2.99 1.91 0.97
06-09 11:55:33 2386M 0 0 729M 2816 2652 34 2.8 63 0 0 0 2.99 1.91 0.97
06-09 11:55:34 2352M 0 0 762M 2834 2670 36 2.0 62 0 0 0 2.99 1.91 0.97
06-09 11:55:35 2442M 0 0 672M 884 0.020703125 35 2.0 63 0 0 0 2.99 1.91 0.97
06-09 11:55:36 2424M 0 0 691M 2829 2665 36 1.6 62 0 0 0 2.99 1.91 0.97
06-09 11:55:37 2415M 0 0 700M 2814 2650 35 2.2 63 0 0 0 2.99 1.93 0.98
06-09 11:55:38 2389M 0 0 725M 2796 2632 36 1.9 62 0 0 0 2.99 1.93 0.98
06-09 11:55:39 2358M 0 0 757M 3581 3697 35 2.1 63 0 0 0 2.99 1.93 0.98
06-09 11:55:40 2446M 0 0 669M 0 0 35 2.6 62 0 0 0 2.99 1.93 0.98
06-09 11:55:41 2427M 0 0 688M 2797 2633 36 1.7 62 0 0 0 2.99 1.93 0.98
06-09 11:55:42 2417M 0 0 698M 2804 2640 35 1.9 63 0 0 0 2.99 1.95 0.99
06-09 11:55:43 2395M 0 0 719M 2823 2659 35 2.2 62 0 0 0 2.99 1.95 0.99
06-09 11:55:44 2362M 0 0 753M 2816 2652 35 2.5 62 0 0 0 2.99 1.95 0.99
06-09 11:55:45 2390M 0 0 725M 2283 0.02099609375 35 2.1 0 62 0 0 2.99 1.95 0.99
06-09 11:55:46 2430M 0 0 684M 1429 1347 35 2.1 59 0 0 0 2.99 1.95 0.99
06-09 11:55:47 2415M 0 0 700M 2815 2651 35 2.4 63 0 0 0 2.99 1.96 1.00
06-09 11:55:48 2383M 0 0 732M 2803 2639 35 1.6 63 0 0 0 2.99 1.96 1.00
06-09 11:55:49 2414M 0 0 701M 2170 2320 36 2.0 62 0 0 0 2.99 1.96 1.00
06-09 11:55:50 2387M 0 0 727M 2804 2640 35 2.0 63 0 0 0 2.99 1.96 1.00
06-09 11:55:51 2430M 0 0 685M 1399 1317 36 1.6 62 0 0 0 2.99 1.96 1.00
06-09 11:55:52 2301M 0 0 813M 2038 2046 33 2.0 65 0 0 0 2.99 1.98 1.01
06-09 11:55:53 2296M 0 0 818M 1400 1318 26 2.3 71 0 0 0 2.99 1.98 1.01
06-09 11:55:54 2278M 0 0 836M 1419 1337 26 1.4 72 0 0 0 2.99 1.98 1.01
06-09 11:55:55 2264M 0 0 850M 2176 0.01923828125 28 1.7 71 0 0 0 2.99 1.98 1.01
06-09 11:55:56 2310M 0 0 804M 0 0 28 1.4 70 0 0 0 2.99 1.98 1.01
06-09 11:55:57 2301M 0 0 814M 1398 1316 28 0.9 72 0 0 0 2.91 1.98 1.02
06-09 11:55:58 2295M 0 0 819M 1412 1330 27 1.6 71 0 0 0 2.91 1.98 1.02
06-09 11:55:59 2284M 0 0 831M 1411 1329 27 1.3 71 0 0 0 2.91 1.98 1.02
06-09 11:56:00 2268M 0 0 847M 2221 2519 31 1.8 68 0 0 0 2.91 1.98 1.02
06-09 11:56:01 2312M 0 0 803M 156 462 28 1.1 70 0 0 0 2.91 1.98 1.02
06-09 11:56:02 2302M 0 0 813M 1398 1316 27 1.4 71 0 0 0 3.40 2.10 1.06
06-09 11:56:03 2298M 0 0 817M 1395 1313 27 1.4 71 0 0 0 3.40 2.10 1.06
06-09 11:56:04 2288M 0 0 827M 1399 1317 28 1.3 71 0 0 0 3.40 2.10 1.06
06-09 11:56:05 2271M 0 0 843M 1885 0.0115234375 27 1.8 71 0 0 0 3.40 2.10 1.06
06-09 11:56:06 2313M 0 0 801M 0 0 28 1.0 71 0 0 0 3.40 2.10 1.06
06-09 11:56:07 2305M 0 0 809M 2189 2371 27 1.3 71 0 0 0 3.29 2.10 1.07
06-09 11:56:08 2300M 0 0 815M 1417 1335 27 1.4 71 0 0 0 3.29 2.10 1.07
06-09 11:56:09 2293M 0 0 821M 1400 1318 27 2.0 71 0 0 0 3.29 2.10 1.07
06-09 11:56:10 2282M 0 0 833M 1413 1331 26 1.3 73 0 0 0 3.29 2.10 1.07
06-09 11:56:11 2178M 0 0 936M 591 601 26 1.3 72 0 0 0 3.29 2.10 1.07
06-09 11:56:12 2178M 0 0 936M 0 0 16 0.5 83 0 0 0 3.10 2.08 1.06
06-09 11:56:13 2178M 0 0 936M 0 0 17 0.5 83 0 0 0 3.10 2.08 1.06
06-09 11:56:14 2178M 0 0 936M 0 0 10 0.2 90 0 0 0 3.10 2.08 1.06
06-09 11:56:15 2178M 0 0 936M 312 6190 17 0.3 82 0 0 0 3.10 2.08 1.06
06-09 11:56:16 2178M 0 0 936M 0 0 16 0.5 83 0 0 0 3.10 2.08 1.06
06-09 11:56:17 2178M 0 0 936M 0 0 17 0.2 83 0 0 0 2.93 2.06 1.06
06-09 11:56:18 2178M 0 0 936M 0 0 17 0.2 83 0 0 0 2.93 2.06 1.06
06-09 11:56:19 2178M 0 0 936M 0 0 16 0.7 83 0 0 0 2.93 2.06 1.06
06-09 11:56:20 2178M 0 0 936M 0 0 16 0.3 83 0 0 0 2.93 2.06 1.06
06-09 11:56:21 2178M 0 0 936M 0 0 16 0.8 83 0 0 0 2.93 2.06 1.06
06-09 11:56:22 2178M 0 0 936M 0 0 17 0.7 82 0 0 0 2.78 2.04 1.06
06-09 11:56:23 2178M 0 0 936M 0 0 13 0.2 0 99 0 0 2.78 2.04 1.06
06-09 11:56:24 2179M 0 0 935M 0 0 0.8 0.4 0 99 0 0 2.78 2.04 1.06
06-09 11:56:25 2200M 0 0 915M 0 0 15 0.7 86 0 0 0 2.78 2.04 1.06
06-09 11:56:26 2199M 0 0 916M 0 0 15 0 0 91 0 0 2.78 2.04 1.06
06-09 11:56:27 2199M 0 0 916M 0 0 16 0.3 83 0 0 0 2.64 2.02 1.06
06-09 11:56:28 2199M 0 0 916M 220 284 17 0.2 83 0 0 0 2.64 2.02 1.06
06-09 11:56:29 2199M 0 0 916M 0 0 16 0.3 83 0 0 0 2.64 2.02 1.06
06-09 11:56:30 2199M 0 0 916M 84.0 52.0 18 0.2 82 0 0 0 2.64 2.02 1.06
06-09 11:56:31 2199M 0 0 916M 380 2732 17 0.3 83 0 0 0 2.64 2.02 1.06
06-09 11:56:32 2199M 0 0 916M 0 0 18 0.5 82 0 0 0 2.51 2.01 1.06
06-09 11:56:33 2199M 0 0 916M 1720 1752 17 0.7 83 0 0 0 2.51 2.01 1.06
06-09 11:56:34 2199M 0 0 916M 3356 3692 17 1.0 82 0 0 0 2.51 2.01 1.06
06-09 11:56:35 2199M 0 0 916M 440 464 17 0.2 83 0 0 0 2.51 2.01 1.06
06-09 11:56:36 2199M 0 0 916M 1584 796 17 0 83 0 0 0 2.51 2.01 1.06
06-09 11:56:37 2199M 0 0 916M 1416 1660 17 0.7 82 0 0 0 2.39 1.99 1.06
06-09 11:56:38 2199M 0 0 916M 1584 1848 18 1.0 81 0 0 0 2.39 1.99 1.06
06-09 11:56:39 2199M 0 0 916M 0 0 16 0.2 83 0 0 0 2.39 1.99 1.06
06-09 11:56:40 2199M 0 0 916M 52.0 648 17 0.5 83 0 0 0 2.39 1.99 1.06
06-09 11:56:41 2199M 0 0 916M 52.0 212 16 0.7 83 0 0 0 2.39 1.99 1.06
06-09 11:56:42 2199M 0 0 916M 0 0 16 0.3 83 0 0 0 2.27 1.97 1.06
06-09 11:56:43 2199M 0 0 916M 52.0 148 17 0 83 0 0 0 2.27 1.97 1.06
06-09 11:56:44 2199M 0 0 916M 0 260 14 0.5 85 0 0 0 2.27 1.97 1.06
06-09 11:56:45 2199M 0 0 916M 52.0 0 16 0.2 83 0 0 0 2.27 1.97 1.06
06-09 11:56:46 2199M 0 0 916M 52.0 228 17 0.7 82 0 0 0 2.27 1.97 1.06
06-09 11:56:47 2199M 0 0 916M 0 0 17 0.3 83 0 0 0 2.17 1.96 1.06
06-09 11:56:48 2199M 0 0 916M 52.0 244 18 0.2 82 0 0 0 2.17 1.96 1.06
06-09 11:56:49 2199M 0 0 916M 52.0 212 17 0.7 82 0 0 0 2.17 1.96 1.06
06-09 11:56:50 2199M 0 0 915M 0 0 13 0 87 0 0 0 2.17 1.96 1.06
06-09 11:56:51 2199M 0 0 915M 52.0 260 17 0.5 82 0 0 0 2.17 1.96 1.06
06-09 11:56:52 2199M 0 0 915M 52.0 228 17 0.3 83 0 0 0 2.08 1.94 1.06
06-09 11:56:53 2199M 0 0 915M 0 0 16 0.5 83 0 0 0 2.08 1.94 1.06
06-09 11:56:54 2199M 0 0 915M 52.0 244 17 0.3 83 0 0 0 2.08 1.94 1.06
06-09 11:56:55 2199M 0 0 915M 52.0 164 17 0.2 83 0 0 0 2.08 1.94 1.06
06-09 11:56:56 2199M 0 0 915M 0 0 17 0.3 83 0 0 0 2.08 1.94 1.06
06-09 11:56:57 2199M 0 0 915M 52.0 196 17 0 83 0 0 0 1.99 1.92 1.06
06-09 11:56:58 2199M 0 0 915M 52.0 148 17 0.3 83 0 0 0 1.99 1.92 1.06
06-09 11:56:59 2199M 0 0 915M 0 0 17 0.2 82 0 0 0 1.99 1.92 1.06
06-09 11:57:00 2199M 0 0 915M 52.0 340 17 0.3 83 0 0 0 1.99 1.92 1.06
06-09 11:57:01 2199M 0 0 915M 208 690 17 0.3 82 0 0 0 1.99 1.92 1.06
06-09 11:57:02 2199M 0 0 915M 0 0 17 0.2 83 0 0 0 1.91 1.91 1.06
06-09 11:57:03 2199M 0 0 915M 52.0 148 16 0.5 83 0 0 0 1.91 1.91 1.06
06-09 11:57:04 2200M 0 0 915M 52.0 116 17 0.2 83 0 0 0 1.91 1.91 1.06
06-09 11:57:05 2200M 0 0 915M 0 0 16 0 84 0 0 0 1.91 1.91 1.06
06-09 11:57:06 2200M 0 0 915M 52.0 244 16 0.8 83 0 0 0 1.91 1.91 1.06
06-09 11:57:07 2200M 0 0 915M 52.0 164 16 0.7 83 0 0 0 1.84 1.89 1.06
06-09 11:57:08 2200M 0 0 915M 0 0 16 0.3 83 0 0 0 1.84 1.89 1.06
06-09 11:57:09 2200M 0 0 915M 52.0 116 17 0.7 82 0 0 0 1.84 1.89 1.06
06-09 11:57:10 2200M 0 0 915M 136 264 17 0.3 83 0 0 0 1.84 1.89 1.06
06-09 11:57:11 2200M 0 0 915M 0 0 15 0 85 0 0 0 1.84 1.89 1.06
06-09 11:57:12 2200M 0 0 915M 52.0 196 17 0.5 82 0 0 0 1.77 1.88 1.06
06-09 11:57:13 2200M 0 0 915M 52.0 148 16 0.5 83 0 0 0 1.77 1.88 1.06
06-09 11:57:14 2200M 0 0 915M 0 0 17 0.2 83 0 0 0 1.77 1.88 1.06
06-09 11:57:15 2200M 0 0 915M 52.0 116 16 0.5 83 0 0 0 1.77 1.88 1.06
06-09 11:57:16 2200M 0 0 915M 52.0 100 17 0.2 83 0 0 0 1.77 1.88 1.06
06-09 11:57:17 2200M 0 0 915M 0 0 16 0.3 84 0 0 0 1.71 1.86 1.06
06-09 11:57:18 2200M 0 0 915M 52.0 196 17 1.0 83 0 0 0 1.71 1.86 1.06
06-09 11:57:19 2200M 0 0 915M 52.0 228 17 0.5 83 0 0 0 1.71 1.86 1.06
06-09 11:57:20 2200M 0 0 915M 0 0 17 0 83 0 0 0 1.71 1.86 1.06
06-09 11:57:21 2200M 0 0 915M 52.0 148 13 0.5 0 97 0 0 1.71 1.86 1.06
06-09 11:57:22 2200M 0 0 915M 52.0 196 17 0.7 77 0 0 0 1.65 1.85 1.06
06-09 11:57:23 2200M 0 0 915M 84.0 52.0 16 0.3 83 0 0 0 1.65 1.85 1.06
06-09 11:57:24 2200M 0 0 915M 136 1048 17 0.3 83 0 0 0 1.65 1.85 1.06
06-09 11:57:25 2200M 0 0 915M 988 704 13 0.3 87 0 0 0 1.65 1.85 1.06
06-09 11:57:26 2200M 0 0 915M 848 588 17 0.2 83 0 0 0 1.65 1.85 1.06
06-09 11:57:27 2200M 0 0 915M 204 100 17 0.7 82 0 0 0 1.60 1.83 1.06
06-09 11:57:28 2200M 0 0 915M 324 512 14 0.5 0 96 0 0 1.60 1.83 1.06
06-09 11:57:29 2200M 0 0 915M 0 0 15 0.7 84 0 0 0 1.60 1.83 1.06
06-09 11:57:30 2200M 0 0 915M 0 0 16 0.8 83 0 0 0 1.60 1.83 1.06
06-09 11:57:31 2200M 0 0 915M 0 0 17 0.2 83 0 0 0 1.60 1.83 1.06
06-09 11:57:32 2200M 0 0 915M 0 0 17 0.3 83 0 0 0 1.55 1.82 1.06
06-09 11:57:33 2200M 0 0 915M 0 0 16 0.3 83 0 0 0 1.55 1.82 1.06
06-09 11:57:34 2200M 0 0 915M 136 152 17 0.5 83 0 0 0 1.55 1.82 1.06
06-09 11:57:35 2200M 0 0 915M 188 200 16 0.7 83 0 0 0 1.55 1.82 1.06
06-09 11:57:36 2200M 0 0 915M 408 300 16 0.8 83 0 0 0 1.55 1.82 1.06
06-09 11:57:37 2200M 0 0 915M 324 300 17 0.3 82 0 0 0 1.51 1.81 1.06
06-09 11:57:38 2200M 0 0 915M 408 300 15 0.5 85 0 0 0 1.51 1.81 1.06
06-09 11:57:39 2200M 0 0 915M 0 0 16 0.8 83 0 0 0 1.51 1.81 1.06
06-09 11:57:40 2200M 0 0 915M 772 1052 16 0.7 83 0 0 0 1.51 1.81 1.06
06-09 11:57:41 2200M 0 0 915M 0 0 16 0.3 83 0 0 0 1.51 1.81 1.06
06-09 11:57:42 2200M 0 0 915M 0 0 17 0 83 0 0 0 1.47 1.79 1.06
06-09 11:57:43 2200M 0 0 915M 0 0 16 0.3 83 0 0 0 1.47 1.79 1.06
06-09 11:57:44 2200M 0 0 915M 0 0 17 0.7 83 0 0 0 1.47 1.79 1.06
06-09 11:57:45 2200M 0 0 915M 0 0 16 0.7 83 0 0 0 1.47 1.79 1.06
06-09 11:57:46 2200M 0 0 915M 0 0 16 0.5 83 0 0 0 1.47 1.79 1.06
06-09 11:57:47 2200M 0 0 915M 272 768 17 0.3 83 0 0 0 1.43 1.78 1.06
06-09 11:57:48 2200M 0 0 915M 0 0 17 0.5 83 0 0 0 1.43 1.78 1.06
06-09 11:57:49 2200M 0 0 915M 0 0 17 0.7 83 0 0 0 1.43 1.78 1.06
06-09 11:57:50 2200M 0 0 915M 0 0 16 0.5 83 0 0 0 1.43 1.78 1.06
06-09 11:57:51 2200M 0 0 915M 0 0 16 0.5 83 0 0 0 1.43 1.78 1.06
06-09 11:57:52 2200M 0 0 915M 220 1244 16 0.8 83 0 0 0 1.39 1.77 1.06
06-09 11:57:53 2200M 0 0 915M 0 0 16 0.3 83 0 0 0 1.39 1.77 1.06
06-09 11:57:54 2200M 0 0 915M 152 100 17 0.8 83 0 0 0 1.39 1.77 1.06
06-09 11:57:55 2200M 0 0 915M 424 284 17 0.5 82 0 0 0 1.39 1.77 1.06
06-09 11:57:56 2200M 0 0 915M 220 200 17 0.3 83 0 0 0 1.39 1.77 1.06
06-09 11:57:57 2200M 0 0 915M 780 584 17 0.5 82 0 0 0 1.36 1.75 1.05
06-09 11:57:58 2200M 0 0 915M 680 436 17 0.3 82 0 0 0 1.36 1.75 1.05
06-09 11:57:59 2200M 0 0 915M 220 168 16 0.7 83 0 0 0 1.36 1.75 1.05
06-09 11:58:00 2200M 0 0 914M 512 576 16 0.5 83 0 0 0 1.36 1.75 1.05
06-09 11:58:01 2200M 0 0 914M 156 462 17 0.3 83 0 0 0 1.36 1.75 1.05
06-09 11:58:02 2200M 0 0 914M 104 200 17 0.7 83 0 0 0 1.33 1.74 1.05
06-09 11:58:03 2200M 0 0 914M 0 0 17 0.7 83 0 0 0 1.33 1.74 1.05
06-09 11:58:04 2200M 0 0 914M 0 0 16 0.3 83 0 0 0 1.33 1.74 1.05
06-09 11:58:05 2200M 0 0 914M 0 0 17 0.2 83 0 0 0 1.33 1.74 1.05
06-09 11:58:06 2200M 0 0 914M 104 200 17 0.7 82 0 0 0 1.33 1.74 1.05
06-09 11:58:07 2200M 0 0 914M 0 0 17 0.7 83 0 0 0 1.31 1.73 1.05
06-09 11:58:08 2200M 0 0 914M 0 0 16 0.3 83 0 0 0 1.31 1.73 1.05
06-09 11:58:09 2200M 0 0 914M 0 0 17 0.3 83 0 0 0 1.31 1.73 1.05
06-09 11:58:10 2200M 0 0 914M 104 200 16 0.3 83 0 0 0 1.31 1.73 1.05
06-09 11:58:11 2200M 0 0 914M 0 0 16 0.7 83 0 0 0 1.31 1.73 1.05
06-09 11:58:12 2200M 0 0 914M 0 0 16 0.5 83 0 0 0 1.28 1.72 1.05
06-09 11:58:13 2200M 0 0 914M 0 0 17 0.3 83 0 0 0 1.28 1.72 1.05
06-09 11:58:14 2200M 0 0 914M 104 200 17 0.5 82 0 0 0 1.28 1.72 1.05
06-09 11:58:15 2200M 0 0 914M 0 0 16 0.2 83 0 0 0 1.28 1.72 1.05
06-09 11:58:16 2200M 0 0 914M 0 0 16 0.5 83 0 0 0 1.28 1.72 1.05
06-09 11:58:17 2200M 0 0 914M 0 0 17 0.2 83 0 0 0 1.26 1.70 1.05
06-09 11:58:18 2200M 0 0 914M 0 0 17 0.5 83 0 0 0 1.26 1.70 1.05
06-09 11:58:19 2200M 0 0 914M 52.0 100 17 0.3 83 0 0 0 1.26 1.70 1.05
06-09 11:58:20 2200M 0 0 914M 52.0 200 16 0.7 83 0 0 0 1.26 1.70 1.05
06-09 11:58:21 2200M 0 0 914M 334 1032 16 0.3 83 0 0 0 1.26 1.70 1.05
06-09 11:58:22 2200M 0 0 914M 0 0 17 0.3 83 0 0 0 1.24 1.69 1.05
06-09 11:58:23 2200M 0 0 915M 324 300 17 0.3 83 0 0 0 1.24 1.69 1.05
06-09 11:58:24 2200M 0 0 915M 220 200 17 0 83 0 0 0 1.24 1.69 1.05
06-09 11:58:25 2200M 0 0 915M 356 416 16 0.5 84 0 0 0 1.24 1.69 1.05
06-09 11:58:26 2200M 0 0 915M 324 200 17 0.5 83 0 0 0 1.24 1.69 1.05
06-09 11:58:27 2200M 0 0 915M 220 300 17 0.2 83 0 0 0 1.22 1.68 1.05
06-09 11:58:28 2200M 0 0 915M 544 416 16 0.7 83 0 0 0 1.22 1.68 1.05
06-09 11:58:29 2200M 0 0 915M 272 168 16 0.7 83 0 0 0 1.22 1.68 1.05
06-09 11:58:30 2200M 0 0 915M 220 168 17 0.2 83 0 0 0 1.22 1.68 1.05
06-09 11:58:31 2200M 0 0 914M 188 100 17 0.5 83 0 0 0 1.22 1.68 1.05
06-09 11:58:32 2200M 0 0 915M 272 200 17 0.2 83 0 0 0 1.20 1.67 1.05
06-09 11:58:33 2200M 0 0 915M 272 200 17 0.5 83 0 0 0 1.20 1.67 1.05
06-09 11:58:34 2200M 0 0 915M 408 300 17 0.3 82 0 0 0 1.20 1.67 1.05
06-09 11:58:35 2200M 0 0 915M 272 184 17 0.5 82 0 0 0 1.20 1.67 1.05
06-09 11:58:36 2200M 0 0 915M 440 500 16 0.3 83 0 0 0 1.20 1.67 1.05
06-09 11:58:37 2200M 0 0 915M 1248 1449 17 0.5 82 0 0 0 1.18 1.66 1.05
06-09 11:58:38 2200M 0 0 915M 272 200 17 0.3 83 0 0 0 1.18 1.66 1.05
06-09 11:58:39 2200M 0 0 915M 272 232 16 0.2 83 0 0 0 1.18 1.66 1.05
06-09 11:58:40 2200M 0 0 915M 136 100 16 0.7 83 0 0 0 1.18 1.66 1.05
06-09 11:58:41 2200M 0 0 915M 272 200 17 0.3 82 0 0 0 1.18 1.66 1.05
06-09 11:58:42 2200M 0 0 915M 220 200 18 0.5 81 0 0 0 1.17 1.65 1.05
06-09 11:58:43 2200M 0 0 915M 324 168 16 0.8 83 0 0 0 1.17 1.65 1.05
06-09 11:58:44 2200M 0 0 915M 544 352 16 0.7 83 0 0 0 1.17 1.65 1.05
06-09 11:58:45 2200M 0 0 915M 544 352 17 0.3 82 0 0 0 1.17 1.65 1.05
06-09 11:58:46 2200M 0 0 914M 136 100 17 0.3 83 0 0 0 1.17 1.65 1.05
06-09 11:58:47 2200M 0 0 915M 272 368 17 0.3 83 0 0 0 1.16 1.64 1.05
06-09 11:58:48 2200M 0 0 915M 0 0 17 0.2 83 0 0 0 1.16 1.64 1.05
06-09 11:58:49 2200M 0 0 915M 0 0 15 0.5 84 0 0 0 1.16 1.64 1.05
06-09 11:58:50 2200M 0 0 915M 0 0 16 0.5 83 0 0 0 1.16 1.64 1.05
06-09 11:58:51 2200M 0 0 915M 0 0 17 0 83 0 0 0 1.16 1.64 1.05
06-09 11:58:52 2200M 0 0 915M 0 0 17 0.3 83 0 0 0 1.14 1.62 1.05
06-09 11:58:53 2200M 0 0 915M 0 0 17 0.5 82 0 0 0 1.14 1.62 1.05
06-09 11:58:54 2200M 0 0 915M 0 0 14 0.5 85 0 0 0 1.14 1.62 1.05
06-09 11:58:55 2200M 0 0 915M 0 0 18 0.5 82 0 0 0 1.14 1.62 1.05
06-09 11:58:56 2200M 0 0 915M 0 0 17 0 83 0 0 0 1.14 1.62 1.05
06-09 11:58:57 2200M 0 0 915M 0 0 17 0.3 83 0 0 0 1.13 1.61 1.05
06-09 11:58:58 2200M 0 0 915M 0 0 17 0.3 83 0 0 0 1.13 1.61 1.05
06-09 11:58:59 2200M 0 0 915M 0 0 17 0.5 83 0 0 0 1.13 1.61 1.05
06-09 11:59:00 2200M 0 0 915M 52.0 100 16 0.3 83 0 0 0 1.13 1.61 1.05
06-09 11:59:01 2200M 0 0 915M 156 462 16 0.8 83 0 0 0 1.13 1.61 1.05
06-09 11:59:02 2200M 0 0 915M 0 0 16 0.3 83 0 0 0 1.12 1.60 1.05
06-09 11:59:03 2200M 0 0 915M 0 0 17 0.7 83 0 0 0 1.12 1.60 1.05
06-09 11:59:04 2200M 0 0 915M 0 0 17 0.2 83 0 0 0 1.12 1.60 1.05
06-09 11:59:05 2200M 0 0 915M 0 0 17 0.3 83 0 0 0 1.12 1.60 1.05
06-09 11:59:06 2200M 0 0 915M 0 0 17 0.5 82 0 0 0 1.12 1.60 1.05
06-09 11:59:07 2200M 0 0 915M 0 0 17 0.7 82 0 0 0 1.11 1.59 1.05
06-09 11:59:08 2200M 0 0 915M 0 0 17 0 83 0 0 0 1.11 1.59 1.05
06-09 11:59:09 2200M 0 0 915M 0 0 12 0.4 88 0 0 0 1.11 1.59 1.05
06-09 11:59:10 2200M 0 0 915M 0 0 18 0.3 82 0 0 0 1.11 1.59 1.05
06-09 11:59:11 2200M 0 0 915M 0 0 17 0 83 0 0 0 1.11 1.59 1.05
06-09 11:59:12 2200M 0 0 915M 0 0 16 0.8 83 0 0 0 1.10 1.58 1.05
06-09 11:59:13 2200M 0 0 915M 136 100 17 0.2 83 0 0 0 1.10 1.58 1.05
06-09 11:59:14 2200M 0 0 915M 0 0 17 0.3 82 0 0 0 1.10 1.58 1.05
06-09 11:59:15 2200M 0 0 915M 84.0 52.0 17 0.5 83 0 0 0 1.10 1.58 1.05
06-09 11:59:16 2200M 0 0 915M 188 364 16 0.3 83 0 0 0 1.10 1.58 1.05
06-09 11:59:17 2200M 0 0 915M 492 352 17 0 83 0 0 0 1.09 1.57 1.05
06-09 11:59:18 2200M 0 0 915M 188 100 17 0.5 82 0 0 0 1.09 1.57 1.05
06-09 11:59:19 2202M 0 0 913M 240 1004 17 0.5 83 0 0 0 1.09 1.57 1.05
06-09 11:59:20 2202M 0 0 913M 492 384 17 0 83 0 0 0 1.09 1.57 1.05
06-09 11:59:21 2203M 0 0 912M 660 1032 17 0.2 83 0 0 0 1.09 1.57 1.05
06-09 11:59:22 2203M 0 0 912M 408 2056 17 0.3 83 0 0 0 1.08 1.56 1.05
06-09 11:59:23 2203M 0 0 912M 0 0 17 0.3 82 0 0 0 1.08 1.56 1.05
06-09 11:59:24 2203M 0 0 912M 52.0 228 17 0.3 83 0 0 0 1.08 1.56 1.05
06-09 11:59:25 2203M 0 0 912M 52.0 196 17 0.2 83 0 0 0 1.08 1.56 1.05
06-09 11:59:26 2203M 0 0 912M 0 0 17 0.2 83 0 0 0 1.08 1.56 1.05
06-09 11:59:27 2203M 0 0 912M 52.0 228 16 0.5 83 0 0 0 1.08 1.55 1.05
06-09 11:59:28 2203M 0 0 912M 52.0 212 16 0.5 83 0 0 0 1.08 1.55 1.05
06-09 11:59:29 2203M 0 0 912M 0 0 16 0.2 83 0 0 0 1.08 1.55 1.05
06-09 11:59:30 2203M 0 0 912M 136 184 16 0.5 83 0 0 0 1.08 1.55 1.05
06-09 11:59:31 2203M 0 0 912M 136 664 17 0.5 82 0 0 0 1.08 1.55 1.05
06-09 11:59:32 2203M 0 0 912M 0 0 16 0.3 83 0 0 0 1.07 1.54 1.05
06-09 11:59:33 2203M 0 0 912M 0 0 17 0.5 83 0 0 0 1.07 1.54 1.05
06-09 11:59:34 2203M 0 0 912M 0 0 17 0.3 83 0 0 0 1.07 1.54 1.05
06-09 11:59:35 2203M 0 0 912M 388 416 17 0.2 83 0 0 0 1.07 1.54 1.05
06-09 11:59:36 2203M 0 0 912M 1752 1916 18 0.3 82 0 0 0 1.07 1.54 1.05
06-09 11:59:37 2203M 0 0 912M 340 1296 16 1.2 83 0 0 0 1.07 1.54 1.04
06-09 11:59:38 2203M 0 0 912M 136 388 17 0.3 82 0 0 0 1.07 1.54 1.04
06-09 11:59:39 2203M 0 0 912M 0 0 17 0.7 82 0 0 0 1.07 1.54 1.04
06-09 11:59:40 2203M 0 0 912M 0 0 16 0.8 83 0 0 0 1.07 1.54 1.04
06-09 11:59:41 2203M 0 0 912M 0 0 17 0.3 82 0 0 0 1.07 1.54 1.04
06-09 11:59:42 2203M 0 0 912M 272 992 15 0.7 84 0 0 0 1.06 1.53 1.04
06-09 11:59:43 2203M 0 0 912M 104 0 16 0.3 83 0 0 0 1.06 1.53 1.04
06-09 11:59:44 2203M 0 0 912M 84.0 296 17 0.5 82 0 0 0 1.06 1.53 1.04
06-09 11:59:45 2203M 0 0 912M 104 0 16 0.5 84 0 0 0 1.06 1.53 1.04
06-09 11:59:46 2203M 0 0 912M 924 1168 17 0.3 83 0 0 0 1.06 1.53 1.04
06-09 11:59:47 2203M 0 0 912M 356 400 17 0.5 82 0 0 0 1.06 1.52 1.04
06-09 11:59:48 2203M 0 0 912M 356 252 17 0.3 83 0 0 0 1.06 1.52 1.04
06-09 11:59:49 2203M 0 0 912M 52.0 0 16 1.2 83 0 0 0 1.06 1.52 1.04
06-09 11:59:50 2204M 0 0 911M 188 264 16 0.2 84 0 0 0 1.06 1.52 1.04
06-09 11:59:51 2204M 0 0 911M 136 148 17 0.5 83 0 0 0 1.06 1.52 1.04
06-09 11:59:52 2204M 0 0 911M 0 0 16 0.3 83 0 0 0 1.05 1.51 1.04
06-09 11:59:53 2204M 0 0 911M 136 84.0 17 0 83 0 0 0 1.05 1.51 1.04
06-09 11:59:54 2204M 0 0 911M 188 232 17 0.2 83 0 0 0 1.05 1.51 1.04
06-09 11:59:55 2204M 0 0 911M 0 0 16 0.3 83 0 0 0 1.05 1.51 1.04
06-09 11:59:56 2204M 0 0 911M 272 316 17 0.5 83 0 0 0 1.05 1.51 1.04
06-09 11:59:57 2204M 0 0 911M 272 448 17 0.2 83 0 0 0 1.05 1.50 1.04
06-09 11:59:58 2204M 0 0 911M 1132 1232 18 0.5 82 0 0 0 1.05 1.50 1.04
06-09 11:59:59 2204M 0 0 911M 492 416 17 0.2 82 0 0 0 1.05 1.50 1.04
06-09 12:00:00 2204M 0 0 911M 240 328 17 0.2 83 0 0 0 1.05 1.50 1.04
06-09 12:00:01 2204M 0 0 911M 156 462 16 0.5 83 0 0 0 1.05 1.50 1.04
06-09 12:00:02 2204M 0 0 911M 0 0 17 0.3 83 0 0 0 1.04 1.49 1.04
06-09 12:00:03 2204M 0 0 911M 0 0 12 0.7 87 0 0 0 1.04 1.49 1.04
06-09 12:00:04 2204M 0 0 911M 0 0 16 0 84 0 0 0 1.04 1.49 1.04
06-09 12:00:05 2204M 0 0 911M 0 0 17 0.7 82 0 0 0 1.04 1.49 1.04
06-09 12:00:06 2204M 0 0 911M 0 0 16 0.7 83 0 0 0 1.04 1.49 1.04
06-09 12:00:07 2204M 0 0 911M 0 0 16 0.5 83 0 0 0 1.04 1.48 1.04
06-09 12:00:08 2204M 0 0 911M 0 0 17 0.3 83 0 0 0 1.04 1.48 1.04
06-09 12:00:09 2204M 0 0 911M 0 0 16 0.3 83 0 0 0 1.04 1.48 1.04
06-09 12:00:10 2204M 0 0 911M 0 0 16 0.5 84 0 0 0 1.04 1.48 1.04
06-09 12:00:11 2204M 0 0 911M 0 0 16 0.5 83 0 0 0 1.04 1.48 1.04
06-09 12:00:12 2204M 0 0 911M 0 0 16 0.8 83 0 0 0 1.04 1.47 1.04
06-09 12:00:13 2204M 0 0 911M 0 0 17 0.2 83 0 0 0 1.04 1.47 1.04
06-09 12:00:14 2204M 0 0 911M 0 0 16 0.5 83 0 0 0 1.04 1.47 1.04
06-09 12:00:15 2204M 0 0 911M 0 0 17 0.3 82 0 0 0 1.04 1.47 1.04
06-09 12:00:16 2205M 0 0 910M 0 0 15 1.2 84 0 0 0 1.04 1.47 1.04
06-09 12:00:17 2205M 0 0 909M 0 0 15 2.3 83 0 0 0 1.03 1.47 1.04
06-09 12:00:18 2205M 0 0 909M 824 1076 17 0.5 82 0 0 0 1.03 1.47 1.04
06-09 12:00:19 2205M 0 0 909M 0 0 17 0.2 83 0 0 0 1.03 1.47 1.04
06-09 12:00:20 2205M 0 0 909M 0 0 17 0.2 83 0 0 0 1.03 1.47 1.04
06-09 12:00:21 2205M 0 0 909M 0 0 16 0.7 84 0 0 0 1.03 1.47 1.04
06-09 12:00:22 2205M 0 0 909M 0 0 17 0.8 82 0 0 0 1.03 1.46 1.04
06-09 12:00:23 2205M 0 0 909M 136 196 17 0.2 83 0 0 0 1.03 1.46 1.04
06-09 12:00:24 2205M 0 0 909M 0 0 16 0.3 84 0 0 0 1.03 1.46 1.04
06-09 12:00:25 2205M 0 0 909M 0 0 16 0.5 83 0 0 0 1.03 1.46 1.04
06-09 12:00:26 2205M 0 0 909M 0 0 16 0.8 83 0 0 0 1.03 1.46 1.04
06-09 12:00:27 2205M 0 0 909M 0 0 17 0.5 83 0 0 0 1.03 1.45 1.04
06-09 12:00:28 2205M 0 0 909M 0 0 16 0.3 83 0 0 0 1.03 1.45 1.04
06-09 12:00:29 2205M 0 0 909M 136 132 16 0.5 83 0 0 0 1.03 1.45 1.04
06-09 12:00:30 2205M 0 0 909M 188 248 17 0.3 83 0 0 0 1.03 1.45 1.04
06-09 12:00:31 2205M 0 0 909M 0 0 16 0.7 84 0 0 0 1.03 1.45 1.04
06-09 12:00:32 2205M 0 0 909M 188 280 16 0.7 83 0 0 0 1.02 1.44 1.04
06-09 12:00:33 2205M 0 0 909M 324 428 17 0.5 83 0 0 0 1.02 1.44 1.04
06-09 12:00:34 2205M 0 0 909M 136 100 17 0.3 82 0 0 0 1.02 1.44 1.04
06-09 12:00:35 2205M 0 0 909M 0 0 15 0.5 85 0 0 0 1.02 1.44 1.04
06-09 12:00:36 2205M 0 0 909M 168 1588 17 0.2 83 0 0 0 1.02 1.44 1.04
06-09 12:00:37 2205M 0 0 909M 260 536 16 0.7 83 0 0 0 1.02 1.44 1.04
06-09 12:00:38 2205M 0 0 909M 52.0 196 17 0.2 83 0 0 0 1.02 1.44 1.04
06-09 12:00:39 2205M 0 0 909M 772 1052 16 0.2 83 0 0 0 1.02 1.44 1.04
06-09 12:00:40 2205M 0 0 909M 136 264 16 0.5 83 0 0 0 1.02 1.44 1.04
06-09 12:00:41 2205M 0 0 909M 52.0 148 16 0.5 83 0 0 0 1.02 1.44 1.04
06-09 12:00:42 2205M 0 0 909M 0 0 16 0.3 83 0 0 0 1.02 1.43 1.04
06-09 12:00:43 2205M 0 0 909M 52.0 116 17 0.5 82 0 0 0 1.02 1.43 1.04
06-09 12:00:44 2205M 0 0 909M 52.0 228 16 0.3 83 0 0 0 1.02 1.43 1.04
06-09 12:00:45 2205M 0 0 909M 0 0 17 0.3 83 0 0 0 1.02 1.43 1.04
06-09 12:00:46 2205M 0 0 909M 52.0 196 17 0.3 83 0 0 0 1.02 1.43 1.04
06-09 12:00:47 2205M 0 0 909M 356 512 16 0.7 83 0 0 0 1.02 1.42 1.04
06-09 12:00:48 2205M 0 0 909M 188 116 17 0 83 0 0 0 1.02 1.42 1.04
06-09 12:00:49 2207M 0 0 908M 824 1248 17 1.0 82 0 0 0 1.02 1.42 1.04
06-09 12:00:50 2207M 0 0 908M 0 0 15 2.3 83 0 0 0 1.02 1.42 1.04
06-09 12:00:51 2207M 0 0 907M 52.0 180 15 2.0 83 0 0 0 1.02 1.42 1.04
06-09 12:00:52 2207M 0 0 907M 52.0 212 17 0.2 83 0 0 0 1.02 1.41 1.04
06-09 12:00:53 2207M 0 0 907M 0 0 16 0.3 83 0 0 0 1.02 1.41 1.04
06-09 12:00:54 2207M 0 0 907M 52.0 148 16 0.5 83 0 0 0 1.02 1.41 1.04
06-09 12:00:55 2207M 0 0 907M 52.0 116 16 0.5 83 0 0 0 1.02 1.41 1.04
06-09 12:00:56 2207M 0 0 907M 0 0 17 0 83 0 0 0 1.02 1.41 1.04
06-09 12:00:57 2207M 0 0 907M 52.0 116 17 0.3 0 77 0 0 1.02 1.41 1.04
06-09 12:00:58 2207M 0 0 907M 52.0 164 17 0.2 479 0 0 0 1.02 1.41 1.04
06-09 12:00:59 2207M 0 0 907M 0 0 17 0 83 0 0 0 1.02 1.41 1.04
06-09 12:01:00 2207M 0 0 907M 876 1400 22 0.3 78 0 0 0 1.02 1.41 1.04
06-09 12:01:01 2207M 0 0 907M 208 626 17 0.3 83 0 0 0 1.02 1.41 1.04
06-09 12:01:02 2207M 0 0 908M 0 0 17 0.3 83 0 0 0 1.01 1.40 1.04
06-09 12:01:03 2207M 0 0 907M 52.0 196 17 0.2 83 0 0 0 1.01 1.40 1.04
06-09 12:01:04 2207M 0 0 907M 52.0 452 16 0.5 83 0 0 0 1.01 1.40 1.04
06-09 12:01:05 2207M 0 0 907M 0 0 17 0 83 0 0 0 1.01 1.40 1.04
06-09 12:01:06 2207M 0 0 907M 52.0 180 17 0.2 83 0 0 0 1.01 1.40 1.04
06-09 12:01:07 2207M 0 0 907M 772 1216 17 0.7 83 0 0 0 1.01 1.39 1.04
06-09 12:01:08 2207M 0 0 907M 52.0 0 16 0.2 83 0 0 0 1.01 1.39 1.04
06-09 12:01:09 2207M 0 0 907M 52.0 228 17 0.5 82 0 0 0 1.01 1.39 1.04
06-09 12:01:10 2207M 0 0 907M 0 164 15 0.2 84 0 0 0 1.01 1.39 1.04
06-09 12:01:11 2207M 0 0 907M 52.0 0 17 0.2 83 0 0 0 1.01 1.39 1.04
06-09 12:01:12 2207M 0 0 907M 52.0 196 17 0.3 82 0 0 0 1.01 1.39 1.04
06-09 12:01:13 2207M 0 0 907M 0 0 16 0.3 83 0 0 0 1.01 1.39 1.04
06-09 12:01:14 2207M 0 0 907M 52.0 148 17 0.2 83 0 0 0 1.01 1.39 1.04
06-09 12:01:15 2207M 0 0 907M 52.0 196 17 0.5 82 0 0 0 1.01 1.39 1.04
06-09 12:01:16 2207M 0 0 907M 0 0 16 0.2 84 0 0 0 1.01 1.39 1.04
06-09 12:01:17 2207M 0 0 907M 52.0 148 17 0.5 83 0 0 0 1.01 1.38 1.04
06-09 12:01:18 2207M 0 0 907M 52.0 228 17 0.8 82 0 0 0 1.01 1.38 1.04
06-09 12:01:19 2207M 0 0 907M 0 0 17 0 83 0 0 0 1.01 1.38 1.04
06-09 12:01:20 2207M 0 0 907M 52.0 132 16 0.7 84 0 0 0 1.01 1.38 1.04
06-09 12:01:21 2207M 0 0 907M 52.0 148 16 0.5 83 0 0 0 1.01 1.38 1.04
06-09 12:01:22 2207M 0 0 907M 0 0 16 0.3 83 0 0 0 1.01 1.37 1.03
06-09 12:01:23 2207M 0 0 907M 52.0 132 17 0.8 82 0 0 0 1.01 1.37 1.03
06-09 12:01:24 2207M 0 0 907M 52.0 196 16 0.2 83 0 0 0 1.01 1.37 1.03
06-09 12:01:25 2207M 0 0 907M 84.0 52.0 16 0.2 84 0 0 0 1.01 1.37 1.03
06-09 12:01:26 2207M 0 0 907M 240 912 16 0.3 83 0 0 0 1.01 1.37 1.03
06-09 12:01:27 2207M 0 0 907M 220 1132 17 1.1 82 0 0 0 1.01 1.37 1.03
06-09 12:01:28 2207M 0 0 907M 220 200 17 0.2 83 0 0 0 1.01 1.37 1.03
06-09 12:01:29 2204M 0 0 910M 868 520 16 0.7 83 0 0 0 1.01 1.37 1.03
06-09 12:01:30 2204M 0 0 910M 680 436 16 0.5 83 0 0 0 1.01 1.37 1.03
06-09 12:01:31 2204M 0 0 910M 776 520 16 0.3 83 0 0 0 1.01 1.37 1.03
06-09 12:01:32 2208M 0 0 907M 1216 1950 17 1.0 82 0 0 0 1.01 1.36 1.03
06-09 12:01:33 2208M 0 0 907M 52.0 0 17 0.2 83 0 0 0 1.01 1.36 1.03
06-09 12:01:34 2204M 0 0 910M 460 424 14 0.7 85 0 0 0 1.01 1.36 1.03
06-09 12:01:35 2204M 0 0 910M 492 336 17 0.3 83 0 0 0 1.01 1.36 1.03
06-09 12:01:36 2204M 0 0 910M 0 0 17 0.3 83 0 0 0 1.01 1.36 1.03
06-09 12:01:37 2204M 0 0 910M 0 0 17 0.2 83 0 0 0 1.01 1.35 1.03
06-09 12:01:38 2204M 0 0 910M 0 0 17 0.5 83 0 0 0 1.01 1.35 1.03
06-09 12:01:39 2206M 0 0 908M 528 904 16 0.7 83 0 0 0 1.01 1.35 1.03
06-09 12:01:40 2206M 0 0 908M 0 0 17 0 83 0 0 0 1.01 1.35 1.03
06-09 12:01:41 2206M 0 0 908M 0 0 16 0.8 83 0 0 0 1.01 1.35 1.03
06-09 12:01:42 2206M 0 0 908M 0 0 16 0.8 83 0 0 0 1.01 1.35 1.03
06-09 12:01:43 2206M 0 0 908M 0 0 16 0.3 83 0 0 0 1.01 1.35 1.03
06-09 12:01:44 2206M 0 0 908M 0 0 16 0.2 84 0 0 0 1.01 1.35 1.03
06-09 12:01:45 2206M 0 0 908M 0 0 17 0.7 83 0 0 0 1.01 1.35 1.03
06-09 12:01:46 2206M 0 0 908M 0 0 17 0.5 83 0 0 0 1.01 1.35 1.03
06-09 12:01:47 2206M 0 0 908M 0 0 17 0.7 82 0 0 0 1.00 1.34 1.03
06-09 12:01:48 2206M 0 0 908M 0 0 17 0.3 83 0 0 0 1.00 1.34 1.03
06-09 12:01:49 2206M 0 0 908M 0 0 16 0.7 83 0 0 0 1.00 1.34 1.03
06-09 12:01:50 2206M 0 0 908M 0 0 17 0 83 0 0 0 1.00 1.34 1.03
06-09 12:01:51 2206M 0 0 908M 0 0 17 0.2 83 0 0 0 1.00 1.34 1.03
06-09 12:01:52 2206M 0 0 908M 0 0 16 0.5 83 0 0 0 1.00 1.34 1.03
06-09 12:01:53 2206M 0 0 908M 0 0 16 0.5 83 0 0 0 1.00 1.34 1.03
06-09 12:01:54 2204M 0 0 910M 408 304 16 0.3 83 0 0 0 1.00 1.34 1.03
06-09 12:01:55 2204M 0 0 910M 84.0 52.0 16 0.5 83 0 0 0 1.00 1.34 1.03
06-09 12:01:56 2204M 0 0 910M 188 1452 16 0.7 83 0 0 0 1.00 1.34 1.03
06-09 12:01:57 2204M 0 0 910M 84.0 0 17 0.3 83 0 0 0 1.00 1.33 1.03
06-09 12:01:58 2204M 0 0 910M 0 52.0 17 0.2 83 0 0 0 1.00 1.33 1.03
06-09 12:01:59 2204M 0 0 910M 136 696 17 0.5 82 0 0 0 1.00 1.33 1.03
06-09 12:02:00 2204M 0 0 910M 52.0 100 17 0 83 0 0 0 1.00 1.33 1.03
06-09 12:02:01 2204M 0 0 910M 156 462 16 0.7 84 0 0 0 1.00 1.33 1.03
06-09 12:02:02 2205M 0 0 910M 0 0 17 0.7 83 0 0 0 1.00 1.32 1.03
06-09 12:02:03 2204M 0 0 910M 84.0 52.0 16 0.7 83 0 0 0 1.00 1.32 1.03
06-09 12:02:04 2204M 0 0 910M 188 636 16 0.5 83 0 0 0 1.00 1.32 1.03
06-09 12:02:05 2204M 0 0 910M 84.0 52.0 17 0.3 83 0 0 0 1.00 1.32 1.03
06-09 12:02:06 2204M 0 0 910M 292 1716 16 0.3 83 0 0 0 1.00 1.32 1.03
06-09 12:02:07 2204M 0 0 910M 52.0 196 15 1.5 83 0 0 0 1.00 1.32 1.03
06-09 12:02:08 2204M 0 0 910M 52.0 244 17 0.5 82 0 0 0 1.00 1.32 1.03
06-09 12:02:09 2204M 0 0 910M 0 0 16 0.3 83 0 0 0 1.00 1.32 1.03
06-09 12:02:10 2204M 0 0 910M 52.0 276 17 0.2 83 0 0 0 1.00 1.32 1.03
06-09 12:02:11 2204M 0 0 910M 52.0 244 16 0.5 83 0 0 0 1.00 1.32 1.03
06-09 12:02:12 2204M 0 0 910M 0 0 17 0.2 83 0 0 0 1.00 1.31 1.03
06-09 12:02:13 2204M 0 0 910M 52.0 180 16 0.7 83 0 0 0 1.00 1.31 1.03
06-09 12:02:14 2204M 0 0 910M 52.0 212 17 0.3 83 0 0 0 1.00 1.31 1.03
06-09 12:02:15 2204M 0 0 910M 0 0 17 0.5 83 0 0 0 1.00 1.31 1.03
06-09 12:02:16 2204M 0 0 910M 52.0 212 16 0.5 83 0 0 0 1.00 1.31 1.03
06-09 12:02:17 2204M 0 0 910M 52.0 228 17 0.5 82 0 0 0 1.00 1.31 1.03
06-09 12:02:18 2204M 0 0 910M 0 0 16 0.3 83 0 0 0 1.00 1.31 1.03
06-09 12:02:19 2204M 0 0 910M 52.0 164 16 0.5 84 0 0 0 1.00 1.31 1.03
06-09 12:02:20 2204M 0 0 910M 136 280 17 0 83 0 0 0 1.00 1.31 1.03
06-09 12:02:21 2204M 0 0 910M 0 0 17 0.2 83 0 0 0 1.00 1.31 1.03
06-09 12:02:22 2204M 0 0 910M 52.0 180 17 0.5 83 0 0 0 1.00 1.30 1.03
06-09 12:02:23 2204M 0 0 910M 52.0 196 17 0.5 82 0 0 0 1.00 1.30 1.03
06-09 12:02:24 2204M 0 0 910M 0 0 16 0.3 83 0 0 0 1.00 1.30 1.03
06-09 12:02:25 2204M 0 0 910M 52.0 148 16 0.5 83 0 0 0 1.00 1.30 1.03
06-09 12:02:26 2204M 0 0 910M 136 280 17 0.3 82 0 0 0 1.00 1.30 1.03
06-09 12:02:27 2204M 0 0 910M 0 0 16 0.5 83 0 0 0 1.00 1.30 1.03
06-09 12:02:28 2204M 0 0 910M 52.0 132 17 0.2 83 0 0 0 1.00 1.30 1.03
06-09 12:02:29 2204M 0 0 910M 52.0 228 17 0.5 83 0 0 0 1.00 1.30 1.03
06-09 12:02:30 2204M 0 0 910M 0 0 17 0 83 0 0 0 1.00 1.30 1.03
06-09 12:02:31 2204M 0 0 910M 52.0 196 16 0.7 83 0 0 0 1.00 1.30 1.03
06-09 12:02:32 2204M 0 0 910M 52.0 132 17 0.3 83 0 0 0 1.08 1.31 1.03
06-09 12:02:33 2204M 0 0 910M 0 0 16 0.7 0 80 0 0 1.08 1.31 1.03
06-09 12:02:34 2204M 0 0 910M 52.0 196 17 0.2 476 0 0 0 1.08 1.31 1.03
06-09 12:02:35 2204M 0 0 910M 52.0 180 16 0.3 83 0 0 0 1.08 1.31 1.03
06-09 12:02:36 2204M 0 0 910M 0 0 17 0.2 83 0 0 0 1.08 1.31 1.03
06-09 12:02:37 2204M 0 0 910M 52.0 180 16 0.5 83 0 0 0 1.07 1.30 1.03
06-09 12:02:38 2204M 0 0 910M 52.0 212 17 0.2 82 0 0 0 1.07 1.30 1.03
06-09 12:02:39 2204M 0 0 910M 0 0 16 0 84 0 0 0 1.07 1.30 1.03
06-09 12:02:40 2204M 0 0 910M 824 1264 17 0.7 82 0 0 0 1.07 1.30 1.03
06-09 12:02:41 2204M 0 0 910M 52.0 164 17 0.3 82 0 0 0 1.07 1.30 1.03
06-09 12:02:42 2204M 0 0 910M 0 0 16 0.3 83 0 0 0 1.07 1.30 1.03
06-09 12:02:43 2204M 0 0 910M 52.0 196 17 0.2 83 0 0 0 1.07 1.30 1.03
06-09 12:02:44 2204M 0 0 910M 52.0 228 18 0.5 82 0 0 0 1.07 1.30 1.03
06-09 12:02:45 2204M 0 0 910M 0 0 16 0.5 83 0 0 0 1.07 1.30 1.03
06-09 12:02:46 2204M 0 0 910M 52.0 212 16 0.3 83 0 0 0 1.07 1.30 1.03
06-09 12:02:47 2204M 0 0 910M 0 148 17 0.2 83 0 0 0 1.06 1.29 1.03
06-09 12:02:48 2204M 0 0 910M 52.0 0 16 0.5 83 0 0 0 1.06 1.29 1.03
06-09 12:02:49 2204M 0 0 910M 52.0 180 17 0.3 83 0 0 0 1.06 1.29 1.03
06-09 12:02:50 2204M 0 0 910M 0 148 17 0.2 83 0 0 0 1.06 1.29 1.03
06-09 12:02:51 2204M 0 0 910M 52.0 0 17 0.2 83 0 0 0 1.06 1.29 1.03
06-09 12:02:52 2204M 0 0 910M 52.0 164 16 0.3 84 0 0 0 1.06 1.29 1.03
06-09 12:02:53 2204M 0 0 910M 0 0 17 0 83 0 0 0 1.06 1.29 1.03
06-09 12:02:54 2204M 0 0 910M 52.0 164 17 0.2 83 0 0 0 1.06 1.29 1.03
06-09 12:02:55 2204M 0 0 910M 52.0 116 16 0.3 0 80 0 0 1.06 1.29 1.03
06-09 12:02:56 2204M 0 0 910M 0 0 18 0.2 475 0 0 0 1.06 1.29 1.03
06-09 12:02:57 2204M 0 0 910M 52.0 164 17 0.3 82 0 0 0 1.05 1.28 1.03
06-09 12:02:58 2204M 0 0 910M 52.0 148 17 0.2 83 0 0 0 1.05 1.28 1.03
06-09 12:02:59 2204M 0 0 910M 0 0 17 0 83 0 0 0 1.05 1.28 1.03
06-09 12:03:00 2204M 0 0 910M 104 248 18 0.5 82 0 0 0 1.05 1.28 1.03
06-09 12:03:01 2204M 0 0 910M 208 674 17 0.7 82 0 0 0 1.05 1.28 1.03
06-09 12:03:02 2204M 0 0 910M 0 0 18 0.5 82 0 0 0 1.05 1.28 1.03
06-09 12:03:03 2204M 0 0 910M 52.0 180 16 0.3 84 0 0 0 1.05 1.28 1.03
06-09 12:03:04 2204M 0 0 910M 52.0 228 17 0.5 82 0 0 0 1.05 1.28 1.03
06-09 12:03:05 2204M 0 0 910M 0 0 17 0.3 83 0 0 0 1.05 1.28 1.03
06-09 12:03:06 2204M 0 0 910M 52.0 164 18 0.7 82 0 0 0 1.05 1.28 1.03
06-09 12:03:07 2204M 0 0 910M 52.0 244 16 0.3 83 0 0 0 1.04 1.27 1.03
06-09 12:03:08 2204M 0 0 910M 0 0 17 0.3 83 0 0 0 1.04 1.27 1.03
06-09 12:03:09 2204M 0 0 910M 52.0 196 17 0.8 83 0 0 0 1.04 1.27 1.03
06-09 12:03:10 2204M 0 0 910M 52.0 196 17 0 83 0 0 0 1.04 1.27 1.03
06-09 12:03:11 2204M 0 0 910M 0 0 16 0.3 83 0 0 0 1.04 1.27 1.03
06-09 12:03:12 2204M 0 0 910M 52.0 196 17 0.3 83 0 0 0 1.12 1.28 1.03
06-09 12:03:13 2204M 0 0 910M 52.0 132 17 0.2 83 0 0 0 1.12 1.28 1.03
06-09 12:03:14 2204M 0 0 910M 0 0 17 0.2 83 0 0 0 1.12 1.28 1.03
06-09 12:03:15 2105M 0 0 1009M 104 747 4.3 1.3 94 0 0 0 1.12 1.28 1.03
06-09 12:03:16 2105M 0 0 1009M 52.0 164 0.2 0 100 0 0 0 1.12 1.28 1.03
06-09 12:03:17 2105M 0 0 1009M 0 0 0 0 100 0 0 0 1.03 1.26 1.03
06-09 12:03:18 2105M 0 0 1009M 52.0 116 0 0.2 100 0 0 0 1.03 1.26 1.03
06-09 12:03:19 2105M 0 0 1009M 52.0 116 0.2 0.2 100 0 0 0 1.03 1.26 1.03
06-09 12:03:20 2105M 0 0 1009M 0 0 0 0 100 0 0 0 1.03 1.26 1.03
06-09 12:03:21 2105M 0 0 1009M 386 1132 0.2 0.2 100 0 0 0 1.03 1.26 1.03
06-09 12:03:22 2105M 0 0 1009M 52.0 100 0 0.2 100 0 0 0 0.95 1.24 1.02
06-09 12:03:23 2105M 0 0 1009M 0 0 0 0 100 0 0 0 0.95 1.24 1.02
06-09 12:03:24 2105M 0 0 1009M 52.0 116 0 0.2 100 0 0 0 0.95 1.24 1.02
06-09 12:03:25 2105M 0 0 1009M 52.0 100 0 0.2 100 0 0 0 0.95 1.24 1.02
06-09 12:03:26 2105M 0 0 1009M 84.0 52.0 0 0 100 0 0 0 0.95 1.24 1.02
06-09 12:03:27 2105M 0 0 1009M 52.0 100 0 0.2 100 0 0 0 0.87 1.22 1.02
06-09 12:03:28 2105M 0 0 1009M 188 1468 0.2 0.2 100 0 0 0 0.87 1.22 1.02
06-09 12:03:29 2105M 0 0 1009M 0 0 0 0 100 0 0 0 0.87 1.22 1.02
06-09 12:03:30 2105M 0 0 1009M 220 860 0.2 0.2 100 0 0 0 0.87 1.22 1.02
06-09 12:03:31 2105M 0 0 1009M 136 100 0 0.4 100 0 0 0 0.87 1.22 1.02
06-09 12:03:32 2105M 0 0 1009M 252 156 0 0 100 0 0 0 0.80 1.20 1.01
06-09 12:03:33 2105M 0 0 1009M 472 376 0.2 0.2 100 0 0 0 0.80 1.20 1.01
06-09 12:03:34 2105M 0 0 1009M 556 412 0 0.2 100 0 0 0 0.80 1.20 1.01
06-09 12:03:35 2105M 0 0 1009M 544 468 0 0.2 100 0 0 0 0.80 1.20 1.01
06-09 12:03:36 2105M 0 0 1009M 304 288 0.2 0 100 0 0 0 0.80 1.20 1.01
06-09 12:03:37 2105M 0 0 1009M 924 1249 0.2 0.4 99 0 0 0 0.74 1.18 1.01
06-09 12:03:38 2105M 0 0 1009M 376 1608 0.2 0 100 0 0 0 0.74 1.18 1.01
06-09 12:03:39 2105M 0 0 1009M 52.0 116 0 0.2 100 0 0 0 0.74 1.18 1.01
06-09 12:03:40 2105M 0 0 1009M 0 116 0.2 0.2 100 0 0 0 0.74 1.18 1.01
06-09 12:03:41 2105M 0 0 1009M 52.0 0 0 0 100 0 0 0 0.74 1.18 1.01
06-09 12:03:42 2105M 0 0 1009M 52.0 100 0.2 0 100 0 0 0 0.68 1.16 1.00
06-09 12:03:43 2105M 0 0 1009M 0 0 0 0 100 0 0 0 0.68 1.16 1.00
06-09 12:03:44 2105M 0 0 1009M 52.0 148 0.2 0 100 0 0 0 0.68 1.16 1.00
06-09 12:03:45 2105M 0 0 1009M 52.0 132 0.2 0.2 100 0 0 0 0.68 1.16 1.00
06-09 12:03:46 2105M 0 0 1009M 0 0 0 0 100 0 0 0 0.68 1.16 1.00
06-09 12:03:47 2105M 0 0 1009M 52.0 116 0.2 0.2 100 0 0 0 0.62 1.14 0.99
06-09 12:03:48 2105M 0 0 1009M 52.0 116 0 0.4 100 0 0 0 0.62 1.14 0.99
06-09 12:03:49 2105M 0 0 1009M 0 0 0 0 100 0 0 0 0.62 1.14 0.99
06-09 12:03:50 2105M 0 0 1009M 52.0 100 0 0.2 100 0 0 0 0.62 1.14 0.99
06-09 12:03:51 2105M 0 0 1009M 52.0 100 0 0.2 100 0 0 0 0.62 1.14 0.99
06-09 12:03:52 2105M 0 0 1009M 0 0 0 0 100 0 0 0 0.57 1.12 0.99
06-09 12:03:53 2105M 0 0 1009M 52.0 116 0.2 0.4 99 0 0 0 0.57 1.12 0.99
06-09 12:03:54 2105M 0 0 1009M 52.0 100 0 0.2 100 0 0 0 0.57 1.12 0.99
06-09 12:03:55 2105M 0 0 1009M 0 0 0 0 100 0 0 0 0.57 1.12 0.99
06-09 12:03:56 2105M 0 0 1009M 52.0 100 0.2 0.2 100 0 0 0 0.57 1.12 0.99
06-09 12:03:57 2105M 0 0 1009M 52.0 100 0.2 0.2 100 0 0 0 0.53 1.10 0.98
06-09 12:03:58 2105M 0 0 1009M 136 200 0 0 100 0 0 0 0.53 1.10 0.98
06-09 12:03:59 2105M 0 0 1009M 1564 2168 0 0 100 0 0 0 0.53 1.10 0.98
06-09 12:04:00 2105M 0 0 1009M 1404 1560 0 0 100 0 0 0 0.53 1.10 0.98
06-09 12:04:01 2157M 0 0 958M 1992 2307 12 1.6 87 0 0 0 0.53 1.10 0.98
06-09 12:04:02 2167M 0 0 948M 2488 3284 20 1.6 78 0 0 0 0.56 1.10 0.98
06-09 12:04:03 2167M 0 0 948M 636 496 21 1.7 77 0 0 0 0.56 1.10 0.98
06-09 12:04:04 2167M 0 0 948M 872 844 21 1.8 77 0 0 0 0.56 1.10 0.98
06-09 12:04:05 2105M 0 0 1009M 168 283 2.3 0.2 97 0 0 0 0.56 1.10 0.98
06-09 12:04:06 2106M 0 0 1009M 492 464 0 0 100 0 0 0 0.56 1.10 0.98
06-09 12:04:07 2105M 0 0 1009M 136 180 0 0 100 0 0 0 0.52 1.08 0.98
06-09 12:04:08 2105M 0 0 1009M 52.0 244 0 0.4 100 0 0 0 0.52 1.08 0.98
06-09 12:04:09 2105M 0 0 1009M 52.0 164 0.2 0 100 0 0 0 0.52 1.08 0.98
06-09 12:04:10 2105M 0 0 1009M 0 0 0.2 0.2 100 0 0 0 0.52 1.08 0.98
06-09 12:04:11 2105M 0 0 1009M 52.0 132 0 0.2 100 0 0 0 0.52 1.08 0.98
06-09 12:04:12 2105M 0 0 1009M 52.0 116 0.4 0 100 0 0 0 0.48 1.06 0.97
06-09 12:04:13 2105M 0 0 1009M 0 0 0 0 100 0 0 0 0.48 1.06 0.97
06-09 12:04:14 2105M 0 0 1009M 52.0 116 0 0.2 100 0 0 0 0.48 1.06 0.97
06-09 12:04:15 2105M 0 0 1009M 52.0 100 0.2 0.2 100 0 0 0 0.48 1.06 0.97
06-09 12:04:16 2105M 0 0 1009M 0 0 0 0 100 0 0 0 0.48 1.06 0.97
06-09 12:04:17 2105M 0 0 1009M 52.0 100 0 0.2 100 0 0 0 0.44 1.05 0.97
06-09 12:04:18 2105M 0 0 1009M 136 152 0.2 0.2 100 0 0 0 0.44 1.05 0.97
06-09 12:04:19 2105M 0 0 1009M 272 1116 0.2 0 100 0 0 0 0.44 1.05 0.97
06-09 12:04:20 2105M 0 0 1009M 220 152 0 0.4 100 0 0 0 0.44 1.05 0.97
06-09 12:04:21 2105M 0 0 1009M 220 924 0 0.2 100 0 0 0 0.44 1.05 0.97
06-09 12:04:22 2105M 0 0 1009M 356 368 0 0.2 100 0 0 0 0.40 1.03 0.96
06-09 12:04:23 2105M 0 0 1009M 712 572 0.2 0.2 100 0 0 0 0.40 1.03 0.96
06-09 12:04:24 2105M 0 0 1009M 524 360 0.2 0 100 0 0 0 0.40 1.03 0.96
06-09 12:04:25 2105M 0 0 1009M 504 312 0 0.2 100 0 0 0 0.40 1.03 0.96
06-09 12:04:26 2105M 0 0 1009M 220 204 0 0 100 0 0 0 0.40 1.03 0.96
06-09 12:04:27 2105M 0 0 1009M 272 300 0.2 0.4 99 0 0 0 0.45 1.03 0.96
06-09 12:04:28 2105M 0 0 1009M 648 536 0 0 100 0 0 0 0.45 1.03 0.96
06-09 12:04:29 2105M 0 0 1009M 784 636 0.2 0.4 99 0 0 0 0.45 1.03 0.96
06-09 12:04:30 2105M 0 0 1009M 692 536 0.2 0.2 100 0 0 0 0.45 1.03 0.96
06-09 12:04:31 2105M 0 0 1009M 512 452 0.2 0.2 100 0 0 0 0.45 1.03 0.96
06-09 12:04:32 2105M 0 0 1009M 324 1844 0 0 100 0 0 0 0.41 1.01 0.96
06-09 12:04:33 2105M 0 0 1009M 84.0 52.0 0 0 100 0 0 0 0.41 1.01 0.96
06-09 12:04:34 2105M 0 0 1009M 428 872 0.2 0.4 99 0 0 0 0.41 1.01 0.96
06-09 12:04:35 2105M 0 0 1009M 272 216 0.2 0 100 0 0 0 0.41 1.01 0.96
06-09 12:04:36 2105M 0 0 1009M 136 100 0 0 100 0 0 0 0.41 1.01 0.96
06-09 12:04:37 2106M 0 0 1009M 136 276 0.2 0.2 100 0 0 0 0.38 0.99 0.95
06-09 12:04:38 2106M 0 0 1009M 0 0 0 0.2 100 0 0 0 0.38 0.99 0.95
06-09 12:04:39 2106M 0 0 1009M 0 0 0 0.2 100 0 0 0 0.38 0.99 0.95
06-09 12:04:40 2106M 0 0 1009M 0 0 0.2 0.2 100 0 0 0 0.38 0.99 0.95
06-09 12:04:41 2106M 0 0 1009M 136 84.0 0.2 0 100 0 0 0 0.38 0.99 0.95
06-09 12:04:42 2106M 0 0 1009M 272 168 0 0 100 0 0 0 0.35 0.98 0.95
06-09 12:04:43 2106M 0 0 1009M 84.0 52.0 0 0.2 100 0 0 0 0.35 0.98 0.95
06-09 12:04:44 2106M 0 0 1009M 0 0 0.2 0.2 100 0 0 0 0.35 0.98 0.95
06-09 12:04:45 2106M 0 0 1009M 292 1876 0 0 100 0 0 0 0.35 0.98 0.95
06-09 12:04:46 2105M 0 0 1010M 976 1332 0.4 0.2 99 0 0 0 0.35 0.98 0.95
06-09 12:04:47 2105M 0 0 1010M 272 688 0 0 100 0 0 0 0.32 0.96 0.94
