30-08 11:48:36 2104M    0     0  1010M    0     0  0.1 0.0 100 0.0   0   0    0 0.17 0.37
30-08 11:48:37 2104M    0     0  1010M    0     0    0   0 100   0   0   0    0 0.17 0.37
30-08 11:48:38 2104M    0     0  1010M  220  252   0   0 100   0   0   0    0 0.17 0.36
30-08 11:48:39 2104M    0     0  1010M  136  100 0.2   0 100   0   0   0    0 0.17 0.36
30-08 11:48:40 2104M    0     0  1010M  136  100   0 0.2 100   0   0   0    0 0.17 0.36
30-08 11:48:41 2111M    0     0  1003M  136  100 1.2 0.2  99   0   0   0    0 0.17 0.36
30-08 11:48:42 2165M    0     0   949M    0     0   16 1.0  83   0   0   0    0 0.17 0.36
30-08 11:48:43 2217M    0     0   898M  760  660  16 1.2  83   0   0   0 0.08 0.18 0.37
30-08 11:48:44 2205M    0     0   910M  622  593  15 3.1  82   0   0   0 0.08 0.18 0.37
30-08 11:48:45 2232M    0     0   882M 84.0 52.0  15 2.5  83   0   0   0 0.08 0.18 0.37
30-08 11:48:46 2283M    0     0   832M 1017 2019  15 2.5  83   0   0   0 0.08 0.18 0.37
30-08 11:48:47 2306M    0     0   809M 52.0  116  17 0.8  82   0   0   0 0.08 0.18 0.37
30-08 11:48:48 2306M    0     0   809M  408  252  16 0.3  83   0   0   0 0.15 0.19 0.37
30-08 11:48:49 2306M    0     0   809M  272  168  16 0.2  83   0   0   0 0.15 0.19 0.37
30-08 11:48:50 2306M    0     0   809M    0     0   16 0.5  83   0   0   0 0.15 0.19 0.37
30-08 11:48:51 2306M    0     0   809M    0     0   16 0.3  83   0   0   0 0.15 0.19 0.37
30-08 11:48:52 2306M    0     0   809M    0     0   17 0.2  83   0   0   0 0.15 0.19 0.37
30-08 11:48:53 2307M    0     0   808M  104  200  17 0.7  82   0   0   0 0.22 0.21 0.37
30-08 11:48:54 2307M    0     0   808M    0     0   16 0.3  83   0   0   0 0.22 0.21 0.37
30-08 11:48:55 2307M    0     0   808M    0     0   17 0.2  83   0   0   0 0.22 0.21 0.37
30-08 11:48:56 2307M    0     0   808M  104  753  16 0.3  83   0   0   0 0.22 0.21 0.37
30-08 11:48:57 2307M    0     0   808M    0     0   16 0.3  83   0   0   0 0.22 0.21 0.37
30-08 11:48:58 2307M    0     0   808M    0     0   16 0.2  84   0   0   0 0.28 0.22 0.38
30-08 11:48:59 2307M    0     0   808M  104  200  17 0.7  82   0   0   0 0.28 0.22 0.38
30-08 11:49:00 2307M    0     0   808M  208  416  17 0.2  83   0   0   0 0.28 0.22 0.38
30-08 11:49:01 2307M    0     0   808M  104  200  18 0.2  82   0   0   0 0.28 0.22 0.38
30-08 11:49:02 2307M    0     0   808M 52.0  492  16 0.2  83   0   0   0 0.28 0.22 0.38
30-08 11:49:03 2289M    0     0   825M 47.0 46.0.0068359375  15 1.5  83   0   0   0 0.34 0.23 0.38
30-08 11:49:04 2306M    0     0   809M 52.0  100  16 0.7  83   0   0   0 0.34 0.23 0.38
30-08 11:49:05 2306M    0     0   809M    0     0   17 0.2  83   0   0   0 0.34 0.23 0.38
30-08 11:49:06 2308M    0     0   806M  312 4417  18 0.2  82   0   0   0 0.34 0.23 0.38
30-08 11:49:07 2308M    0     0   806M    0     0   17   0  83   0   0   0 0.34 0.23 0.38
30-08 11:49:08 2309M    0     0   806M  156  316  16 0.7  83   0   0   0 0.39 0.24 0.38
30-08 11:49:09 2288M    0     0   826M 58.0.0029296875 58.0.001953125  15 1.7  83   0   0   0 0.39 0.24 0.38
30-08 11:49:10 2281M    0     0   834M 36.0.0068359375 36.0.005859375  15 1.5  83   0   0   0 0.39 0.24 0.38
30-08 11:49:11 2267M    0     0   848M 31.0.0009765625 31.0.0009765625  15 1.2  83   0   0   0 0.39 0.24 0.38
30-08 11:49:12 2305M    0     0   809M 52.0  100  16 1.0  83   0   0   0 0.39 0.24 0.38
30-08 11:49:13 2306M    0     0   809M    0     0   17   0  83   0   0   0 0.44 0.26 0.38
30-08 11:49:14 2306M    0     0   809M    0     0   17   0  83   0   0   0 0.44 0.26 0.38
30-08 11:49:15 2306M    0     0   808M 52.0  100  18 0.3  82   0   0   0 0.44 0.26 0.38
30-08 11:49:16 2306M    0     0   808M  260 4158  16 0.2  83   0   0   0 0.44 0.26 0.38
30-08 11:49:17 2306M    0     0   808M    0     0   17 0.2  83   0   0   0 0.44 0.26 0.38
30-08 11:49:18 2306M    0     0   808M    0     0   17   0  83   0   0   0 0.49 0.27 0.39
30-08 11:49:19 2259M    0     0   855M 37.0.001953125 37.0.00390625  17 1.0  82   0   0   0 0.49 0.27 0.39
30-08 11:49:20 2302M    0     0   813M    0     0   15 1.5  83   0   0   0 0.49 0.27 0.39
30-08 11:49:21 2305M    0     0   809M 52.0  100  16 0.5  83   0   0   0 0.49 0.27 0.39
30-08 11:49:22 2305M    0     0   809M    0     0   17 0.2  83   0   0   0 0.49 0.27 0.39
30-08 11:49:23 2305M    0     0   809M    0     0   17   0  83   0   0   0 0.53 0.28 0.39
30-08 11:49:24 2306M    0     0   809M 52.0  100  17 0.5  82   0   0   0 0.53 0.28 0.39
30-08 11:49:25 2306M    0     0   809M 52.0  100  17   0  83   0   0   0 0.53 0.28 0.39
30-08 11:49:26 2306M    0     0   809M  156 2434  17 0.2  83   0   0   0 0.53 0.28 0.39
30-08 11:49:27 2306M    0     0   809M    0     0   17   0  83   0   0   0 0.53 0.28 0.39
30-08 11:49:28 2306M    0     0   809M    0   100  17 0.2  83   0   0   0 0.56 0.29 0.39
30-08 11:49:29 2288M    0     0   827M 36.0.0029296875 36.0.001953125  17 1.0  82   0   0   0 0.56 0.29 0.39
30-08 11:49:30 2306M    0     0   809M 52.0  100  15 0.5  85   0   0   0 0.56 0.29 0.39
30-08 11:49:31 2307M    0     0   807M  104  200  17 0.2  83   0   0   0 0.56 0.29 0.39
30-08 11:49:32 2307M    0     0   807M    0     0   16 0.3  83   0   0   0 0.56 0.29 0.39
30-08 11:49:33 2268M    0     0   847M 35.0.0087890625 35.0.0087890625  16 1.0  83   0   0   0 0.60 0.30 0.40
30-08 11:49:34 2306M    0     0   809M 52.0  100  16 0.7  83   0   0   0 0.60 0.30 0.40
30-08 11:49:35 2306M    0     0   809M    0     0   17 0.8  82   0   0   0 0.60 0.30 0.40
30-08 11:49:36 2311M    0     0   804M  208 4266  16 0.5  83   0   0   0 0.60 0.30 0.40
30-08 11:49:37 2311M    0     0   803M  104  200  16 0.5  83   0   0   0 0.60 0.30 0.40
30-08 11:49:38 2311M    0     0   803M    0     0   17 0.8  82   0   0   0 0.63 0.32 0.40
30-08 11:49:39 2256M    0     0   858M 42.0.001953125 42.0.0029296875  16 1.0  83   0   0   0 0.63 0.32 0.40
30-08 11:49:40 2302M    0     0   813M    0     0   16 1.3  83   0   0   0 0.63 0.32 0.40
30-08 11:49:41 2291M    0     0   824M 41.0.001953125 41.0.0029296875  16 1.0  83   0   0   0 0.63 0.32 0.40
30-08 11:49:42 2287M    0     0   828M 31.0.001953125 31.0.001953125  15 1.0  84   0   0   0 0.63 0.32 0.40
30-08 11:49:43 2267M    0     0   847M 36.0.0029296875 36.0.0029296875  14 1.0  85   0   0   0 0.66 0.33 0.40
30-08 11:49:44 2249M    0     0   865M 39.0.001953125 38.0.0087890625  16 1.2  83   0   0   0 0.66 0.33 0.40
30-08 11:49:45 2299M    0     0   816M    0     0   16 1.0  83   0   0   0 0.66 0.33 0.40
30-08 11:49:46 2306M    0     0   809M  312 4799  16 0.7  84   0   0   0 0.66 0.33 0.40
30-08 11:49:47 2306M    0     0   809M    0     0   16 0.5  83   0   0   0 0.66 0.33 0.40
30-08 11:49:48 2306M    0     0   808M  104  200  18 0.2  82   0   0   0 0.69 0.34 0.41
30-08 11:49:49 2306M    0     0   808M    0     0   16 0.3  83   0   0   0 0.69 0.34 0.41
30-08 11:49:50 2306M    0     0   808M    0     0   16 0.5  83   0   0   0 0.69 0.34 0.41
30-08 11:49:51 2254M    0     0   861M 43.0.005859375 43.0.0048828125  17 0.8  82   0   0   0 0.69 0.34 0.41
30-08 11:49:52 2302M    0     0   813M    0     0   16 1.2  83   0   0   0 0.69 0.34 0.41
30-08 11:49:53 2292M    0     0   823M 31.0.0009765625 31.0.0009765625  15 1.3  83   0   0   0 0.71 0.35 0.41
30-08 11:49:54 2306M    0     0   809M 52.0  100  16 0.3  84   0   0   0 0.71 0.35 0.41
30-08 11:49:55 2306M    0     0   809M    0     0   16 0.3  83   0   0   0 0.71 0.35 0.41
30-08 11:49:56 2306M    0     0   809M  156 2972  16 0.3  83   0   0   0 0.71 0.35 0.41
30-08 11:49:57 2306M    0     0   808M 52.0  200  18 0.3  81   0   0   0 0.71 0.35 0.41
30-08 11:49:58 2306M    0     0   808M 52.0    0   16 0.5  83   0   0   0 0.73 0.36 0.41
30-08 11:49:59 2306M    0     0   808M    0     0   17 0.2  83   0   0   0 0.73 0.36 0.41
30-08 11:50:00 2306M    0     0   808M 52.0  100  17   0  83   0   0   0 0.73 0.36 0.41
30-08 11:50:01 2264M    0     0   851M 36.0 36.0  16 0.8  84   0   0   0 0.73 0.36 0.41
30-08 11:50:02 2304M    0     0   810M 52.0  100  16 0.5  83   0   0   0 0.73 0.36 0.41
30-08 11:50:03 2306M    0     0   809M    0     0   18 0.3  82   0   0   0 0.76 0.37 0.41
30-08 11:50:04 2306M    0     0   809M    0     0   16 0.3  83   0   0   0 0.76 0.37 0.41
30-08 11:50:05 2306M    0     0   809M    0     0   17 0.2  83   0   0   0 0.76 0.37 0.41
30-08 11:50:06 2306M    0     0   808M  208 2531  17   0  83   0   0   0 0.76 0.37 0.41
30-08 11:50:07 2306M    0     0   808M  104  316  18 0.8  81   0   0   0 0.76 0.37 0.41
30-08 11:50:08 2292M    0     0   823M 39.0.0087890625 39.0.0078125  15 1.5  83   0   0   0 0.85 0.40 0.42
30-08 11:50:09 2306M    0     0   809M 52.0  100  19 0.6  81   0   0   0 0.85 0.40 0.42
30-08 11:50:10 2306M    0     0   808M  104  200  19 0.5  81   0   0   0 0.85 0.40 0.42
30-08 11:50:11 2306M    0     0   808M    0     0   17   0  83   0   0   0 0.85 0.40 0.42
30-08 11:50:12 2288M    0     0   827M 35.0.0087890625 35.0.0087890625  16 1.2  83   0   0   0 0.85 0.40 0.42
30-08 11:50:13 2306M    0     0   808M 52.0  100  18 0.8  81   0   0   0 0.87 0.41 0.43
30-08 11:50:14 2306M    0     0   808M    0     0   17   0  83   0   0   0 0.87 0.41 0.43
30-08 11:50:15 2311M    0     0   803M  104  200  19 0.3  81   0   0   0 0.87 0.41 0.43
30-08 11:50:16 2311M    0     0   803M  260 5303  17   0  83   0   0   0 0.87 0.41 0.43
30-08 11:50:17 2312M    0     0   803M 52.0  216  17 0.2  83   0   0   0 0.87 0.41 0.43
30-08 11:50:18 2290M    0     0   825M 46.0 45.0.0087890625  15 1.7  83   0   0   0 0.88 0.42 0.43
30-08 11:50:19 2306M    0     0   809M 52.0  100  17 1.0  82   0   0   0 0.88 0.42 0.43
30-08 11:50:20 2306M    0     0   809M    0     0   17   0  83   0   0   0 0.88 0.42 0.43
30-08 11:50:21 2310M    0     0   805M    0     0   17   0  83   0   0   0 0.88 0.42 0.43
30-08 11:50:22 2310M    0     0   805M  104  200  16 0.3  83   0   0   0 0.88 0.42 0.43
30-08 11:50:23 2310M    0     0   805M    0     0   16 0.3  83   0   0   0 0.89 0.42 0.43
30-08 11:50:24 2310M    0     0   805M    0     0   17 0.2  83   0   0   0 0.89 0.42 0.43
30-08 11:50:25 2310M    0     0   805M 52.0  216  18 0.3  82   0   0   0 0.89 0.42 0.43
30-08 11:50:26 2293M    0     0   822M 34.0.0087890625 38.0.005859375  15 1.3  83   0   0   0 0.89 0.42 0.43
30-08 11:50:27 2306M    0     0   808M 52.0  100  15 0.7  84   0   0   0 0.89 0.42 0.43
30-08 11:50:28 2306M    0     0   808M    0     0   16 0.5  83   0   0   0 0.89 0.43 0.43
30-08 11:50:29 2306M    0     0   808M    0     0   17 0.2  83   0   0   0 0.89 0.43 0.43
30-08 11:50:30 2306M    0     0   808M    0     0   17   0  83   0   0   0 0.89 0.43 0.43
30-08 11:50:31 2307M    0     0   808M  824 1152  17 0.7  82   0   0   0 0.89 0.43 0.43
30-08 11:50:32 2307M    0     0   808M  772 1064  16 0.3  83   0   0   0 0.89 0.43 0.43
30-08 11:50:33 2307M    0     0   808M    0     0   16 0.3  83   0   0   0 0.90 0.44 0.44
30-08 11:50:34 2307M    0     0   808M    0     0   16 0.3  83   0   0   0 0.90 0.44 0.44
30-08 11:50:35 2307M    0     0   808M    0     0   17 0.2  83   0   0   0 0.90 0.44 0.44
30-08 11:50:36 2307M    0     0   807M  104  853  16 0.3  83   0   0   0 0.90 0.44 0.44
30-08 11:50:37 2286M    0     0   829M 43.0.0048828125 43.0.00390625  16 1.5  83   0   0   0 0.90 0.44 0.44
30-08 11:50:38 2306M    0     0   808M 52.0  100  16 0.3  83   0   0   0 0.91 0.45 0.44
30-08 11:50:39 2307M    0     0   808M  104  200  17 0.3  82   0   0   0 0.91 0.45 0.44
30-08 11:50:40 2267M    0     0   847M 43.0.005859375 43.0.005859375  16 1.3  83   0   0   0 0.91 0.45 0.44
30-08 11:50:41 2254M    0     0   861M 31.0.0087890625 32.0.0009765625  16 1.0  83   0   0   0 0.91 0.45 0.44
30-08 11:50:42 2302M    0     0   813M    0     0   16 1.0  83   0   0   0 0.91 0.45 0.44
30-08 11:50:43 2306M    0     0   808M 52.0  100  17 0.5  82   0   0   0 0.92 0.46 0.44
30-08 11:50:44 2307M    0     0   808M  104  200  16 0.2  83   0   0   0 0.92 0.46 0.44
30-08 11:50:45 2255M    0     0   859M 34.0.0068359375 34.0.0068359375  17 0.8  82   0   0   0 0.92 0.46 0.44
30-08 11:50:46 2302M    0     0   812M  312 7029  16 0.8  83   0   0   0 0.92 0.46 0.44
30-08 11:50:47 2306M    0     0   808M 52.0  100  16 0.3  84   0   0   0 0.92 0.46 0.44
30-08 11:50:48 2306M    0     0   808M    0     0   17   0  83   0   0   0 0.92 0.47 0.45
30-08 11:50:49 2307M    0     0   808M  104  200  17 0.7  83   0   0   0 0.92 0.47 0.45
30-08 11:50:50 2307M    0     0   808M    0     0   17   0  83   0   0   0 0.92 0.47 0.45
30-08 11:50:51 2279M    0     0   836M 44.0.0078125 44.0.0087890625  16 1.0  83   0   0   0 0.92 0.47 0.45
30-08 11:50:52 2306M    0     0   808M 52.0  100  15 1.2  83   0   0   0 0.92 0.47 0.45
30-08 11:50:53 2306M    0     0   808M    0     0   17 0.2  83   0   0   0 0.93 0.48 0.45
30-08 11:50:54 2306M    0     0   808M    0     0   17   0  83   0   0   0 0.93 0.48 0.45
30-08 11:50:55 2308M    0     0   807M  104  200  17 0.3  83   0   0   0 0.93 0.48 0.45
30-08 11:50:56 2308M    0     0   807M  208 3136  17 0.2  83   0   0   0 0.93 0.48 0.45
30-08 11:50:57 2308M    0     0   807M 52.0  100  16 0.3  83   0   0   0 0.93 0.48 0.45
30-08 11:50:58 2290M    0     0   825M 41.0 41.0  16 0.8  84   0   0   0 0.93 0.49 0.45
30-08 11:50:59 2306M    0     0   808M 52.0  100  17 0.5  83   0   0   0 0.93 0.49 0.45
30-08 11:51:00 2306M    0     0   808M 52.0  100  16 0.3  83   0   0   0 0.93 0.49 0.45
30-08 11:51:01 2306M    0     0   808M    0     0   16 0.3  83   0   0   0 0.93 0.49 0.45
30-08 11:51:02 2307M    0     0   808M  104  200  16 0.5  83   0   0   0 0.93 0.49 0.45
30-08 11:51:03 2307M    0     0   808M  104  200  17 0.3  83   0   0   0 0.94 0.50 0.45
30-08 11:51:04 2307M    0     0   808M    0     0   16 0.7  83   0   0   0 0.94 0.50 0.45
30-08 11:51:05 2307M    0     0   808M  156  316  17 0.8  82   0   0   0 0.94 0.50 0.45
30-08 11:51:06 2307M    0     0   808M  208 4217  17 0.2  83   0   0   0 0.94 0.50 0.45
30-08 11:51:07 2307M    0     0   808M    0     0   16 0.5  83   0   0   0 0.94 0.50 0.45
30-08 11:51:08 2307M    0     0   808M  104  200  17 0.8  82   0   0   0 0.94 0.50 0.46
30-08 11:51:09 2307M    0     0   808M    0     0   16 0.5  83   0   0   0 0.94 0.50 0.46
30-08 11:51:10 2307M    0     0   808M    0     0   16 0.8  83   0   0   0 0.94 0.50 0.46
30-08 11:51:11 2247M    0     0   867M 37.0.0048828125 37.0.0048828125  17 1.0  82   0   0   0 0.94 0.50 0.46
30-08 11:51:12 2299M    0     0   816M    0     0   16 0.7  83   0   0   0 0.94 0.50 0.46
30-08 11:51:13 2306M    0     0   808M 52.0  100  13 0.7  86   0   0   0 0.95 0.51 0.46
30-08 11:51:14 2306M    0     0   808M    0     0   16 0.3  83   0   0   0 0.95 0.51 0.46
30-08 11:51:15 2306M    0     0   808M    0     0   16 0.8  83   0   0   0 0.95 0.51 0.46
30-08 11:51:16 2306M    0     0   808M  156 2431  16 0.7  83   0   0   0 0.95 0.51 0.46
30-08 11:51:17 2307M    0     0   807M    0     0   16 0.5  83   0   0   0 0.95 0.51 0.46
30-08 11:51:18 2310M    0     0   805M  104  200  19 0.3  81   0   0   0 0.95 0.52 0.46
30-08 11:51:19 2310M    0     0   805M    0     0   16 0.7  83   0   0   0 0.95 0.52 0.46
30-08 11:51:20 2310M    0     0   805M    0     0   16 0.5  83   0   0   0 0.95 0.52 0.46
30-08 11:51:21 2310M    0     0   805M    0     0   16 0.5  83   0   0   0 0.95 0.52 0.46
30-08 11:51:22 2310M    0     0   805M    0     0   16 0.3  83   0   0   0 0.95 0.52 0.46
30-08 11:51:23 2252M    0     0   863M 42.0.00390625 42.0.0048828125  16 0.7  83   0   0   0 0.96 0.53 0.46
30-08 11:51:24 2301M    0     0   814M    0     0   16 0.8  83   0   0   0 0.96 0.53 0.46
30-08 11:51:25 2290M    0     0   824M 36.0.0068359375 36.0.005859375  15 1.5  83   0   0   0 0.96 0.53 0.46
30-08 11:51:26 2308M    0     0   806M  208 2916  16 0.8  83   0   0   0 0.96 0.53 0.46
30-08 11:51:27 2308M    0     0   806M    0     0   16 0.5  83   0   0   0 0.96 0.53 0.46
30-08 11:51:28 2308M    0     0   806M    0     0   16 0.3  83   0   0   0 0.96 0.53 0.47
30-08 11:51:29 2308M    0     0   806M    0     0   16 0.5  83   0   0   0 0.96 0.53 0.47
30-08 11:51:30 2308M    0     0   806M    0     0   16 0.5  83   0   0   0 0.96 0.53 0.47
30-08 11:51:31 2308M    0     0   806M    0     0   16 0.3  83   0   0   0 0.96 0.53 0.47
30-08 11:51:32 2319M    0     0   796M  104  200  17 0.2  83   0   0   0 0.96 0.53 0.47
30-08 11:51:33 2319M    0     0   796M    0     0   18 0.7  82   0   0   0 0.96 0.54 0.47
30-08 11:51:34 2319M    0     0   796M    0     0   16 0.7  83   0   0   0 0.96 0.54 0.47
30-08 11:51:35 2319M    0     0   796M    0     0   16 0.5  83   0   0   0 0.96 0.54 0.47
30-08 11:51:36 2319M    0     0   796M  104  753  17 0.2  83   0   0   0 0.96 0.54 0.47
30-08 11:51:37 2319M    0     0   796M    0     0   16 0.5  83   0   0   0 0.96 0.54 0.47
30-08 11:51:38 2319M    0     0   795M    0     0   17 0.2  83   0   0   0 0.97 0.55 0.47
30-08 11:51:39 2321M    0     0   794M  156  316  16 1.0  83   0   0   0 0.97 0.55 0.47
30-08 11:51:40 2320M    0     0   794M  772 1036  15 2.2  83   0   0   0 0.97 0.55 0.47
30-08 11:51:41 2320M    0     0   794M    0     0   16 2.0  82   0   0   0 0.97 0.55 0.47
30-08 11:51:42 2287M    0     0   827M  0.130859375  0.130859375  16 1.3  83   0   0   0 0.97 0.55 0.47
30-08 11:51:43 2306M    0     0   808M 52.0  100  16 1.0  83   0   0   0 0.97 0.56 0.47
30-08 11:51:44 2306M    0     0   808M    0     0   17 0.5  82   0   0   0 0.97 0.56 0.47
30-08 11:51:45 2306M    0     0   808M    0     0   16 0.2  83   0   0   0 0.97 0.56 0.47
30-08 11:51:46 2306M    0     0   808M  156 1939  16 0.8  83   0   0   0 0.97 0.56 0.47
30-08 11:51:47 2306M    0     0   808M    0     0   16 0.5  83   0   0   0 0.97 0.56 0.47
30-08 11:51:48 2306M    0     0   808M    0     0   16 0.3  83   0   0   0 0.97 0.56 0.48
30-08 11:51:49 2307M    0     0   808M 84.0 84.0  16 0.3  83   0   0   0 0.97 0.56 0.48
30-08 11:51:50 2307M    0     0   808M  156  300  18 0.7  82   0   0   0 0.97 0.56 0.48
30-08 11:51:51 2290M    0     0   825M 48.0.0029296875 48.0.0029296875  16 1.3  83   0   0   0 0.97 0.56 0.48
30-08 11:51:52 2282M    0     0   832M 39.0.0009765625 39.0  15 1.7  83   0   0   0 0.97 0.56 0.48
30-08 11:51:53 2307M    0     0   808M 52.0  100  16 0.7  84   0   0   0 0.97 0.57 0.48
30-08 11:51:54 2307M    0     0   808M    0     0   18 0.7  81   0   0   0 0.97 0.57 0.48
30-08 11:51:55 2308M    0     0   807M  104  200  16 0.7  84   0   0   0 0.97 0.57 0.48
30-08 11:51:56 2308M    0     0   807M  208 3523  18 0.3  82   0   0   0 0.97 0.57 0.48
30-08 11:51:57 2308M    0     0   807M    0     0   16 0.5  83   0   0   0 0.97 0.57 0.48
30-08 11:51:58 2266M    0     0   849M 47.0 48.0.0068359375  13 1.0  86   0   0   0 0.97 0.58 0.48
30-08 11:51:59 2306M    0     0   808M  168  396  15 1.3  83   0   0   0 0.97 0.58 0.48
30-08 11:52:00 2307M    0     0   808M 52.0  100  18 0.3  81   0   0   0 0.97 0.58 0.48
30-08 11:52:01 2306M    0     0   808M    0     0   16 0.3  83   0   0   0 0.97 0.58 0.48
30-08 11:52:02 2306M    0     0   808M    0     0   16 0.2  83   0   0   0 0.97 0.58 0.48
30-08 11:52:03 2307M    0     0   807M  104  200  19 0.3  81   0   0   0 0.98 0.58 0.48
30-08 11:52:04 2307M    0     0   807M    0     0   16 0.5  83   0   0   0 0.98 0.58 0.48
30-08 11:52:05 2307M    0     0   807M    0     0   16 0.2  83   0   0   0 0.98 0.58 0.48
30-08 11:52:06 2307M    0     0   807M  156 2432  16 0.3  83   0   0   0 0.98 0.58 0.48
30-08 11:52:07 2289M    0     0   825M 39.0.0087890625 40.0  15 1.2  83   0   0   0 0.98 0.58 0.48
30-08 11:52:08 2306M    0     0   808M 52.0  100  16 0.8  83   0   0   0 0.98 0.59 0.49
30-08 11:52:09 2306M    0     0   808M    0     0   17 0.2  83   0   0   0 0.98 0.59 0.49
30-08 11:52:10 2306M    0     0   808M    0     0   16 0.7  83   0   0   0 0.98 0.59 0.49
30-08 11:52:11 2306M    0     0   808M    0     0   19 0.5  81   0   0   0 0.98 0.59 0.49
30-08 11:52:12 2306M    0     0   808M    0     0   16 0.2  83   0   0   0 0.98 0.59 0.49
30-08 11:52:13 2311M    0     0   804M  104  200  16 0.3  83   0   0   0 0.98 0.60 0.49
30-08 11:52:14 2311M    0     0   804M    0     0   16 0.3  83   0   0   0 0.98 0.60 0.49
30-08 11:52:15 2311M    0     0   804M    0     0   16 0.5  83   0   0   0 0.98 0.60 0.49
30-08 11:52:16 2311M    0     0   804M  156 2431  16 0.3  83   0   0   0 0.98 0.60 0.49
30-08 11:52:17 2311M    0     0   804M    0     0   19 0.5  81   0   0   0 0.98 0.60 0.49
30-08 11:52:18 2311M    0     0   803M 52.0  100  16 0.3  83   0   0   0 0.98 0.60 0.49
30-08 11:52:19 2290M    0     0   824M 36.0.0029296875 36.0.001953125  16 0.8  83   0   0   0 0.98 0.60 0.49
30-08 11:52:20 2286M    0     0   828M 31.0.001953125 31.0.001953125  16 1.0  83   0   0   0 0.98 0.60 0.49
30-08 11:52:21 2307M    0     0   808M 52.0  100  16 0.3  83   0   0   0 0.98 0.60 0.49
30-08 11:52:22 2307M    0     0   808M    0     0   16 0.3  83   0   0   0 0.98 0.60 0.49
30-08 11:52:23 2307M    0     0   808M  824 1092  16 0.7  83   0   0   0 0.98 0.61 0.49
30-08 11:52:24 2307M    0     0   808M    0     0   16 0.3  83   0   0   0 0.98 0.61 0.49
30-08 11:52:25 2307M    0     0   808M    0     0   16 0.3  83   0   0   0 0.98 0.61 0.49
30-08 11:52:26 2307M    0     0   807M  260 2679  17 0.2  83   0   0   0 0.98 0.61 0.49
30-08 11:52:27 2307M    0     0   807M    0     0   16 0.5  83   0   0   0 0.98 0.61 0.49
30-08 11:52:28 2307M    0     0   807M    0     0   16 1.0  83   0   0   0 0.98 0.62 0.50
30-08 11:52:29 2307M    0     0   807M    0     0   16 0.3  83   0   0   0 0.98 0.62 0.50
30-08 11:52:30 2307M    0     0   807M    0     0   16 0.7  83   0   0   0 0.98 0.62 0.50
30-08 11:52:31 2307M    0     0   807M 52.0  100  17 0.3  82   0   0   0 0.98 0.62 0.50
30-08 11:52:32 2286M    0     0   828M 51.0.001953125 51.0.001953125  15 1.7  83   0   0   0 0.98 0.62 0.50
30-08 11:52:33 2307M    0     0   808M 52.0  100  16 0.7  83   0   0   0 0.98 0.62 0.50
30-08 11:52:34 2307M    0     0   808M  104  200  17 0.3  82   0   0   0 0.98 0.62 0.50
30-08 11:52:35 2307M    0     0   808M    0     0   16 0.3  84   0   0   0 0.98 0.62 0.50
30-08 11:52:36 2307M    0     0   808M  312 3669  17 0.3  82   0   0   0 0.98 0.62 0.50
30-08 11:52:37 2307M    0     0   808M    0     0   16 0.5  83   0   0   0 0.98 0.62 0.50
30-08 11:52:38 2307M    0     0   808M 52.0  100  17 0.3  82   0   0   0 0.98 0.63 0.50
30-08 11:52:39 2307M    0     0   808M  104  216  16 0.7  84   0   0   0 0.98 0.63 0.50
30-08 11:52:40 2307M    0     0   808M  772 1036  17 0.3  83   0   0   0 0.98 0.63 0.50
30-08 11:52:41 2307M    0     0   808M    0     0   16 0.2  83   0   0   0 0.98 0.63 0.50
30-08 11:52:42 2307M    0     0   808M  104  200  19 0.3  81   0   0   0 0.98 0.63 0.50
30-08 11:52:43 2307M    0     0   808M    0     0   16 0.5  83   0   0   0 0.99 0.63 0.50
30-08 11:52:44 2307M    0     0   808M    0     0   16 0.5  83   0   0   0 0.99 0.63 0.50
30-08 11:52:45 2307M    0     0   808M    0     0   16 0.7  83   0   0   0 0.99 0.63 0.50
30-08 11:52:46 2307M    0     0   808M  156 1890  16 0.5  83   0   0   0 0.99 0.63 0.50
30-08 11:52:47 2289M    0     0   826M 36.0.001953125 36.0.001953125  15 1.5  83   0   0   0 0.99 0.63 0.50
30-08 11:52:48 2307M    0     0   808M 52.0  100  17 0.8  82   0   0   0 0.99 0.64 0.51
30-08 11:52:49 2307M    0     0   808M    0     0   16 0.8  83   0   0   0 0.99 0.64 0.51
30-08 11:52:50 2307M    0     0   808M    0     0   16 0.3  83   0   0   0 0.99 0.64 0.51
30-08 11:52:51 2307M    0     0   808M    0     0   16 0.8  83   0   0   0 0.99 0.64 0.51
30-08 11:52:52 2307M    0     0   808M    0     0   16 0.3  83   0   0   0 0.99 0.64 0.51
30-08 11:52:53 2307M    0     0   808M    0     0   16 0.3  83   0   0   0 0.99 0.65 0.51
30-08 11:52:54 2307M    0     0   807M  104  200  17 0.5  82   0   0   0 0.99 0.65 0.51
30-08 11:52:55 2307M    0     0   807M    0     0   16 0.8  83   0   0   0 0.99 0.65 0.51
30-08 11:52:56 2307M    0     0   807M  928 3538  21 0.9  78   0   0   0 0.99 0.65 0.51
30-08 11:52:57 2307M    0     0   807M    0     0   16 0.3  83   0   0   0 0.99 0.65 0.51
30-08 11:52:58 2307M    0     0   807M    0     0   16 0.7  83   0   0   0 0.99 0.65 0.51
30-08 11:52:59 2307M    0     0   807M    0     0   16 0.5  83   0   0   0 0.99 0.65 0.51
30-08 11:53:00 2288M    0     0   827M 34.0.0068359375 34.0.0078125  15 1.0  84   0   0   0 0.99 0.65 0.51
30-08 11:53:01 2278M    0     0   837M 35.0.00390625 35.0.00390625  16 0.8  83   0   0   0 0.99 0.65 0.51
30-08 11:53:02 2263M    0     0   851M 31.0.001953125 31.0.001953125  15 1.2  83   0   0   0 0.99 0.65 0.51
30-08 11:53:03 2304M    0     0   810M 52.0  100  16 0.7  83   0   0   0 1.07 0.67 0.52
30-08 11:53:04 2307M    0     0   808M    0     0   18 0.7  82   0   0   0 1.07 0.67 0.52
30-08 11:53:05 2307M    0     0   808M    0     0   16 0.7  83   0   0   0 1.07 0.67 0.52
30-08 11:53:06 2307M    0     0   808M  208 3073  16 0.5  83   0   0   0 1.07 0.67 0.52
30-08 11:53:07 2307M    0     0   808M    0     0   16 0.5  83   0   0   0 1.07 0.67 0.52
30-08 11:53:08 2307M    0     0   808M  334 1032  16 0.3  83   0   0   0 1.06 0.68 0.52
30-08 11:53:09 2307M    0     0   808M    0     0   16 0.3  83   0   0   0 1.06 0.68 0.52
30-08 11:53:10 2307M    0     0   807M  104  200  16 0.5  83   0   0   0 1.06 0.68 0.52
30-08 11:53:11 2307M    0     0   807M    0     0   16 0.5  83   0   0   0 1.06 0.68 0.52
30-08 11:53:12 2307M    0     0   807M    0     0   17 0.2  83   0   0   0 1.06 0.68 0.52
30-08 11:53:13 2307M    0     0   807M    0     0   17 1.0  82   0   0   0 1.06 0.68 0.52
30-08 11:53:14 2307M    0     0   807M    0     0   16 0.7  83   0   0   0 1.06 0.68 0.52
30-08 11:53:15 2307M    0     0   807M    0     0   16 0.5  83   0   0   0 1.06 0.68 0.52
30-08 11:53:16 2307M    0     0   807M  104  597  16 0.7  83   0   0   0 1.06 0.68 0.52
30-08 11:53:17 2307M    0     0   807M  104  316  16 0.5   - 432   0   0 1.06 0.68 0.52
30-08 11:53:18 2292M    0     0   822M 41.0.0009765625 40.0.0078125  15 1.3 431   -   0   0 1.05 0.69 0.53
30-08 11:53:19 2307M    0     0   808M 52.0  100  18 0.3  82   0   0   0 1.05 0.69 0.53
30-08 11:53:20 2307M    0     0   807M  104  200  16 0.3  83   0   0   0 1.05 0.69 0.53
30-08 11:53:21 2270M    0     0   845M 49.0.00390625 49.0.0048828125  17 1.6  82   0   0   0 1.05 0.69 0.53
30-08 11:53:22 2307M    0     0   808M 52.0  100  15 1.2  83   0   0   0 1.05 0.69 0.53
30-08 11:53:23 2307M    0     0   808M  840 1197  16 0.2  84   0   0   0 1.05 0.69 0.53
30-08 11:53:24 2308M    0     0   807M  104  200  18 0.3  82   0   0   0 1.05 0.69 0.53
30-08 11:53:25 2308M    0     0   807M    0     0   16 0.5  83   0   0   0 1.05 0.69 0.53
30-08 11:53:26 2308M    0     0   806M  312 4910  17 0.7  82   0   0   0 1.05 0.69 0.53
30-08 11:53:27 2293M    0     0   822M 34.0.0068359375 34.0.0078125  15 1.3  83   0   0   0 1.05 0.69 0.53
30-08 11:53:28 2307M    0     0   807M 52.0  100  16 0.7  83   0   0   0 1.04 0.70 0.53
30-08 11:53:29 2307M    0     0   807M    0     0   16 0.3  83   0   0   0 1.04 0.70 0.53
30-08 11:53:30 2307M    0     0   807M    0     0   16 0.3  83   0   0   0 1.04 0.70 0.53
30-08 11:53:31 2308M    0     0   807M  104  200  17 0.3  83   0   0   0 1.04 0.70 0.53
30-08 11:53:32 2308M    0     0   807M    0     0   16 0.7  83   0   0   0 1.04 0.70 0.53
30-08 11:53:33 2308M    0     0   807M    0     0   16 0.3  83   0   0   0 1.04 0.70 0.53
30-08 11:53:34 2308M    0     0   807M 52.0  100  16 0.3  83   0   0   0 1.04 0.70 0.53
30-08 11:53:35 2289M    0     0   826M 53.0 59.0.001953125  15 2.0  83   0   0   0 1.04 0.70 0.53
30-08 11:53:36 2307M    0     0   808M  260 4209  18 0.3  82   0   0   0 1.04 0.70 0.53
30-08 11:53:37 2307M    0     0   808M    0     0   16 0.5  83   0   0   0 1.04 0.70 0.53
30-08 11:53:38 2307M    0     0   808M    0     0   16 0.3  83   0   0   0 1.04 0.71 0.54
30-08 11:53:39 2307M    0     0   808M    0     0   17 0.2  83   0   0   0 1.04 0.71 0.54
30-08 11:53:40 2307M    0     0   807M  876 1236  16 0.3  83   0   0   0 1.04 0.71 0.54
30-08 11:53:41 2307M    0     0   807M    0     0   18 0.5  82   0   0   0 1.04 0.71 0.54
30-08 11:53:42 2307M    0     0   807M    0     0   16 0.3  83   0   0   0 1.04 0.71 0.54
30-08 11:53:43 2307M    0     0   807M    0     0   17 0.2  83   0   0   0 1.03 0.71 0.54
30-08 11:53:44 2307M    0     0   807M    0     0   16 0.3  83   0   0   0 1.03 0.71 0.54
30-08 11:53:45 2272M    0     0   843M 34.0.005859375 34.0.0068359375  16 1.0  83   0   0   0 1.03 0.71 0.54
30-08 11:53:46 2307M    0     0   808M  208 2531  16 0.8  83   0   0   0 1.03 0.71 0.54
30-08 11:53:47 2307M    0     0   808M    0     0   17 0.2  83   0   0   0 1.03 0.71 0.54
30-08 11:53:48 2307M    0     0   808M    0     0   16 0.7  83   0   0   0 1.03 0.72 0.54
30-08 11:53:49 2307M    0     0   808M    0     0   16 0.5  83   0   0   0 1.03 0.72 0.54
30-08 11:53:50 2307M    0     0   808M    0     0   16 0.5  83   0   0   0 1.03 0.72 0.54
30-08 11:53:51 2307M    0     0   808M    0     0   17 0.5  82   0   0   0 1.03 0.72 0.54
30-08 11:53:52 2307M    0     0   807M  104  200  16 0.5  83   0   0   0 1.03 0.72 0.54
30-08 11:53:53 2255M    0     0   859M 41.0.001953125 41.0.001953125  17 1.0  82   0   0   0 1.03 0.72 0.54
30-08 11:53:54 2303M    0     0   812M    0     0   16 1.0  83   0   0   0 1.03 0.72 0.54
30-08 11:53:55 2307M    0     0   807M 52.0  100  16 0.5  83   0   0   0 1.03 0.72 0.54
30-08 11:53:56 2308M    0     0   807M  312 3332  17 0.3  82   0   0   0 1.03 0.72 0.54
30-08 11:53:57 2308M    0     0   807M    0   100  17 0.2  83   0   0   0 1.03 0.72 0.54
30-08 11:53:58 2283M    0     0   832M 57.0.001953125 57.0.0009765625  16 1.8  82   0   0   0 1.03 0.73 0.55
30-08 11:53:59 2307M    0     0   808M 52.0  100  16 0.8  84   0   0   0 1.03 0.73 0.55
30-08 11:54:00 2307M    0     0   808M 52.0  100  17   0  83   0   0   0 1.03 0.73 0.55
30-08 11:54:01 2307M    0     0   807M    0   100  17   0  83   0   0   0 1.03 0.73 0.55
30-08 11:54:02 2307M    0     0   807M  104  100  17 0.3  83   0   0   0 1.03 0.73 0.55
30-08 11:54:03 2307M    0     0   807M    0     0   17   0  83   0   0   0 1.02 0.73 0.55
30-08 11:54:04 2308M    0     0   807M 52.0  100  16 0.3  83   0   0   0 1.02 0.73 0.55
30-08 11:54:05 2291M    0     0   824M 37.0.0048828125 37.0.0048828125  15 1.5  84   0   0   0 1.02 0.73 0.55
30-08 11:54:06 2285M    0     0   829M 31.0.0048828125 35.0.0078125  16 1.2  83   0   0   0 1.02 0.73 0.55
30-08 11:54:07 2307M    0     0   808M 52.0  100  16 0.5  83   0   0   0 1.02 0.73 0.55
30-08 11:54:08 2307M    0     0   808M    0     0   17 0.2  83   0   0   0 1.02 0.74 0.55
30-08 11:54:09 2307M    0     0   808M    0     0   17   0  83   0   0   0 1.02 0.74 0.55
30-08 11:54:10 2307M    0     0   807M    0     0   16 0.3  83   0   0   0 1.02 0.74 0.55
30-08 11:54:11 2307M    0     0   807M  104  200  17   0  83   0   0   0 1.02 0.74 0.55
30-08 11:54:12 2307M    0     0   807M    0     0   17   0  83   0   0   0 1.02 0.74 0.55
30-08 11:54:13 2307M    0     0   807M    0     0   18 0.3  82   0   0   0 1.02 0.74 0.55
30-08 11:54:14 2245M    0     0   870M 40.0.001953125 40.0.00390625  16 0.8  83   0   0   0 1.02 0.74 0.55
30-08 11:54:15 2295M    0     0   820M  844  752  15 1.2  83   0   0   0 1.02 0.74 0.55
30-08 11:54:16 2307M    0     0   807M  208 2706  16 0.5  83   0   0   0 1.02 0.74 0.55
30-08 11:54:17 2307M    0     0   807M    0     0   17   0  83   0   0   0 1.02 0.74 0.55
30-08 11:54:18 2307M    0     0   807M    0     0   17   0  83   0   0   0 1.02 0.74 0.55
30-08 11:54:19 2308M    0     0   807M 52.0  100  17 0.3  83   0   0   0 1.02 0.74 0.55
30-08 11:54:20 2308M    0     0   807M 52.0  100  17   0  83   0   0   0 1.02 0.74 0.55
30-08 11:54:21 2308M    0     0   807M    0     0   17   0  83   0   0   0 1.02 0.74 0.55
30-08 11:54:22 2308M    0     0   807M    0     0   17 0.2  83   0   0   0 1.02 0.74 0.55
30-08 11:54:23 2308M    0     0   807M    0   100  17 0.2  83   0   0   0 1.02 0.75 0.56
30-08 11:54:24 2291M    0     0   824M 1554 1660  16 1.3  83   0   0   0 1.02 0.75 0.56
30-08 11:54:25 2307M    0     0   808M 52.0  100  16 0.5  83   0   0   0 1.02 0.75 0.56
30-08 11:54:26 2314M    0     0   801M  260 2695  15 0.2  85   0   0   0 1.02 0.75 0.56
30-08 11:54:27 2314M    0     0   800M    0     0   17   0  83   0   0   0 1.02 0.75 0.56
30-08 11:54:28 2289M    0     0   826M 1658 1832  16 1.8  83   0   0   0 1.01 0.75 0.56
30-08 11:54:29 2308M    0     0   807M 52.0  100  16 0.7  83   0   0   0 1.01 0.75 0.56
30-08 11:54:30 2308M    0     0   806M 52.0  100  17 0.3  83   0   0   0 1.01 0.75 0.56
30-08 11:54:31 2308M    0     0   806M 52.0  100  17 0.2  83   0   0   0 1.01 0.75 0.56
30-08 11:54:32 2285M    0     0   829M 1587 1617  16 1.2  83   0   0   0 1.01 0.75 0.56
30-08 11:54:33 2307M    0     0   807M 52.0  100  16 0.5  83   0   0   0 1.01 0.75 0.56
30-08 11:54:34 2307M    0     0   807M    0     0   18 0.3  82   0   0   0 1.01 0.75 0.56
30-08 11:54:35 2308M    0     0   807M  104  200  16 0.3  84   0   0   0 1.01 0.75 0.56
30-08 11:54:36 2308M    0     0   807M  260 5422  17 0.3  83   0   0   0 1.01 0.75 0.56
30-08 11:54:37 2308M    0     0   806M  104  200  17 0.3  83   0   0   0 1.01 0.75 0.56
30-08 11:54:38 2308M    0     0   807M    0     0   16 0.3  83   0   0   0 1.01 0.76 0.56
30-08 11:54:39 2308M    0     0   807M    0     0   16 0.5  83   0   0   0 1.01 0.76 0.56
30-08 11:54:40 2308M    0     0   807M  824 1136  18 0.7  82   0   0   0 1.01 0.76 0.56
30-08 11:54:41 2294M    0     0   820M 2613 2739  15 1.5  83   0   0   0 1.01 0.76 0.56
30-08 11:54:42 2307M    0     0   807M  240  268  15 0.7  84   0   0   0 1.01 0.76 0.56
30-08 11:54:43 2307M    0     0   807M    0     0   16 0.7  83   0   0   0 1.01 0.76 0.56
30-08 11:54:44 2307M    0     0   807M    0     0   16 0.7  83   0   0   0 1.01 0.76 0.56
30-08 11:54:45 2307M    0     0   807M    0     0   17 0.7  83   0   0   0 1.01 0.76 0.56
30-08 11:54:46 2308M    0     0   807M  260 3056  16   0  84   0   0   0 1.01 0.76 0.56
30-08 11:54:47 2308M    0     0   807M    0     0   16 0.7  83   0   0   0 1.01 0.76 0.56
30-08 11:54:48 2308M    0     0   807M    0     0   16 0.5  83   0   0   0 1.01 0.77 0.57
30-08 11:54:49 2308M    0     0   807M    0     0   16 0.2  83   0   0   0 1.01 0.77 0.57
30-08 11:54:50 2308M    0     0   807M  104  200  17 0.3  83   0   0   0 1.01 0.77 0.57
30-08 11:54:51 2266M    0     0   849M 1572 1666  17 1.0  83   0   0   0 1.01 0.77 0.57
30-08 11:54:52 2307M    0     0   807M 52.0  100  16 0.7  83   0   0   0 1.01 0.77 0.57
30-08 11:54:53 2309M    0     0   805M 52.0  100  18 0.5  82   0   0   0 1.17 0.80 0.58
30-08 11:54:54 2309M    0     0   805M 52.0  100  17 0.3  83   0   0   0 1.17 0.80 0.58
30-08 11:54:55 2286M    0     0   829M 1503 1549  15 1.7  83   0   0   0 1.17 0.80 0.58
30-08 11:54:56 2307M    0     0   807M  312 5050  15 0.5  84   0   0   0 1.17 0.80 0.58
30-08 11:54:57 2308M    0     0   807M 52.0  100  17 0.7  83   0   0   0 1.17 0.80 0.58
30-08 11:54:58 2308M    0     0   807M 52.0  100  16 0.3  84   0   0   0 1.15 0.81 0.58
30-08 11:54:59 2308M    0     0   807M    0     0   16 0.3  83   0   0   0 1.15 0.81 0.58
30-08 11:55:00 2308M    0     0   807M  156  300  16 0.8  83   0   0   0 1.15 0.81 0.58
30-08 11:55:01 2308M    0     0   807M    0     0   16 0.5  83   0   0   0 1.15 0.81 0.58
30-08 11:55:02 2308M    0     0   807M    0     0   16 0.3  83   0   0   0 1.15 0.81 0.58
30-08 11:55:03 2271M    0     0   843M 1571 1665  16 1.0  83   0   0   0 1.14 0.81 0.58
30-08 11:55:04 2307M    0     0   807M 52.0  100  16 0.8  83   0   0   0 1.14 0.81 0.58
30-08 11:55:05 2307M    0     0   807M    0     0   16 0.5  83   0   0   0 1.14 0.81 0.58
30-08 11:55:06 2307M    0     0   807M  208 3223  16 0.7  83   0   0   0 1.14 0.81 0.58
30-08 11:55:07 2307M    0     0   807M    0     0   16 0.7  83   0   0   0 1.14 0.81 0.58
30-08 11:55:08 2310M    0     0   804M    0     0   17 0.7  82   0   0   0 1.13 0.81 0.58
30-08 11:55:09 2311M    0     0   804M  104  200  16 0.3  83   0   0   0 1.13 0.81 0.58
30-08 11:55:10 2311M    0     0   804M    0     0   16 0.5  83   0   0   0 1.13 0.81 0.58
30-08 11:55:11 2311M    0     0   804M    0     0   16 0.7  83   0   0   0 1.13 0.81 0.58
30-08 11:55:12 2311M    0     0   804M    0     0   17 0.8  83   0   0   0 1.13 0.81 0.58
30-08 11:55:13 2311M    0     0   804M 52.0  216  16 0.3  83   0   0   0 1.12 0.81 0.59
30-08 11:55:14 2294M    0     0   821M 1504 1434  15 1.2  83   0   0   0 1.12 0.81 0.59
30-08 11:55:15 2307M    0     0   807M 52.0  100  14 0.7  85   0   0   0 1.12 0.81 0.59
30-08 11:55:16 2307M    0     0   807M  156 2488  16 0.7  83   0   0   0 1.12 0.81 0.59
30-08 11:55:17 2307M    0     0   807M    0     0   16 1.0  83   0   0   0 1.12 0.81 0.59
30-08 11:55:18 2307M    0     0   807M    0     0   16 0.8  83   0   0   0 1.11 0.82 0.59
30-08 11:55:19 2307M    0     0   807M    0     0   17 0.2  83   0   0   0 1.11 0.82 0.59
30-08 11:55:20 2308M    0     0   807M  104  200  16 0.3  83   0   0   0 1.11 0.82 0.59
30-08 11:55:21 2308M    0     0   807M  104  184  17 0.5  83   0   0   0 1.11 0.82 0.59
30-08 11:55:22 2291M    0     0   824M 1522 1584  16 1.2  83   0   0   0 1.11 0.82 0.59
30-08 11:55:23 2308M    0     0   807M 52.0  100  16 0.8  84   0   0   0 1.10 0.82 0.59
30-08 11:55:24 2308M    0     0   806M  104  200  17 0.3  83   0   0   0 1.10 0.82 0.59
30-08 11:55:25 2308M    0     0   806M    0     0   17 0.5  82   0   0   0 1.10 0.82 0.59
30-08 11:55:26 2308M    0     0   806M  312 4260  17 0.2  83   0   0   0 1.10 0.82 0.59
30-08 11:55:27 2308M    0     0   806M 52.0  100  16 0.3  83   0   0   0 1.10 0.82 0.59
30-08 11:55:28 2292M    0     0   823M 1470 1468  15 1.7  83   0   0   0 1.09 0.82 0.59
30-08 11:55:29 2308M    0     0   806M 52.0  100  15 0.5  84   0   0   0 1.09 0.82 0.59
30-08 11:55:30 2308M    0     0   806M    0     0   17 0.5  83   0   0   0 1.09 0.82 0.59
30-08 11:55:31 2309M    0     0   806M  824 1152  15 0.5   - 436   0   0 1.09 0.82 0.59
30-08 11:55:32 2309M    0     0   805M  824 1104  17 0.3 428   -   0   0 1.09 0.82 0.59
30-08 11:55:33 2309M    0     0   805M    0     0   16 0.7  83   0   0   0 1.08 0.83 0.59
30-08 11:55:34 2309M    0     0   805M  104  200  17 0.2  83   0   0   0 1.08 0.83 0.59
30-08 11:55:35 2309M    0     0   805M    0     0   17 0.3  83   0   0   0 1.08 0.83 0.59
30-08 11:55:36 2309M    0     0   805M  156 3010  16 0.2  83   0   0   0 1.08 0.83 0.59
30-08 11:55:37 2279M    0     0   835M 1571 1665  16 0.8  83   0   0   0 1.08 0.83 0.59
30-08 11:55:38 2307M    0     0   807M 52.0  100  16 0.8  83   0   0   0 1.08 0.83 0.60
30-08 11:55:39 2307M    0     0   807M    0     0   16 0.5  83   0   0   0 1.08 0.83 0.60
30-08 11:55:40 2307M    0     0   807M    0     0   16 0.3  83   0   0   0 1.08 0.83 0.60
30-08 11:55:41 2309M    0     0   806M  876 1236  17 0.5  83   0   0   0 1.08 0.83 0.60
30-08 11:55:42 2290M    0     0   824M 1555 1649  16 1.0  83   0   0   0 1.08 0.83 0.60
30-08 11:55:43 2308M    0     0   807M 52.0  100  17 0.5  82   0   0   0 1.07 0.83 0.60
30-08 11:55:44 2308M    0     0   806M  104  200  16 0.3  84   0   0   0 1.07 0.83 0.60
30-08 11:55:45 2308M    0     0   806M    0     0   17 1.0  82   0   0   0 1.07 0.83 0.60
30-08 11:55:46 2308M    0     0   806M  364 5145  16 0.5  83   0   0   0 1.07 0.83 0.60
30-08 11:55:47 2308M    0     0   806M    0     0   17 0.2  83   0   0   0 1.07 0.83 0.60
30-08 11:55:48 2308M    0     0   806M    0     0   16 0.7  83   0   0   0 1.07 0.83 0.60
30-08 11:55:49 2255M    0     0   859M 1520 1566  16 1.2  83   0   0   0 1.07 0.83 0.60
30-08 11:55:50 2303M    0     0   812M    0     0   16 0.8  83   0   0   0 1.07 0.83 0.60
30-08 11:55:51 2308M    0     0   807M 52.0  100  16 1.2  83   0   0   0 1.07 0.83 0.60
30-08 11:55:52 2308M    0     0   807M    0     0   16 0.8  83   0   0   0 1.07 0.83 0.60
30-08 11:55:53 2308M    0     0   807M    0     0   16 0.7  83   0   0   0 1.06 0.84 0.60
30-08 11:55:54 2312M    0     0   803M    0     0   18 0.3  82   0   0   0 1.06 0.84 0.60
30-08 11:55:55 2312M    0     0   802M  104  200  16 0.2  83   0   0   0 1.06 0.84 0.60
30-08 11:55:56 2312M    0     0   802M  156 3006  16 0.7  83   0   0   0 1.06 0.84 0.60
30-08 11:55:57 2312M    0     0   802M    0     0   16 1.2  83   0   0   0 1.06 0.84 0.60
30-08 11:55:58 2312M    0     0   802M    0     0   17 0.3  83   0   0   0 1.06 0.84 0.60
30-08 11:55:59 2262M    0     0   853M 1503 1549  16 1.0  83   0   0   0 1.06 0.84 0.60
30-08 11:56:00 2304M    0     0   811M 52.0  200  16 0.5  84   0   0   0 1.06 0.84 0.60
30-08 11:56:01 2308M    0     0   807M 52.0    0   16 0.5  83   0   0   0 1.06 0.84 0.60
30-08 11:56:02 2308M    0     0   807M    0     0   16 0.7  83   0   0   0 1.06 0.84 0.60
30-08 11:56:03 2308M    0     0   807M    0     0   16 0.3  83   0   0   0 1.05 0.84 0.61
30-08 11:56:04 2308M    0     0   807M    0     0   17 0.2  83   0   0   0 1.05 0.84 0.61
30-08 11:56:05 2308M    0     0   807M  104  200  16 0.5  84   0   0   0 1.05 0.84 0.61
30-08 11:56:06 2308M    0     0   807M  156 2495  16 1.0  83   0   0   0 1.05 0.84 0.61
30-08 11:56:07 2308M    0     0   807M    0     0   16 0.5  83   0   0   0 1.05 0.84 0.61
30-08 11:56:08 2308M    0     0   807M    0     0   16 0.3  83   0   0   0 1.05 0.84 0.61
30-08 11:56:09 2308M    0     0   807M  104  200  17 0.2  83   0   0   0 1.05 0.84 0.61
30-08 11:56:10 2308M    0     0   807M    0     0   17 0.2  83   0   0   0 1.05 0.84 0.61
30-08 11:56:11 2308M    0     0   806M    0     0   16 0.5  83   0   0   0 1.05 0.84 0.61
30-08 11:56:12 2308M    0     0   807M    0     0   16 0.5  83   0   0   0 1.05 0.84 0.61
30-08 11:56:13 2308M    0     0   807M    0     0   16 0.5  83   0   0   0 1.05 0.84 0.61
30-08 11:56:14 2275M    0     0   839M 1521 1583  17 0.7  82   0   0   0 1.04 0.85 0.61
30-08 11:56:15 2308M    0     0   807M 52.0  100  15 0.8  84   0   0   0 1.04 0.85 0.61
30-08 11:56:16 2308M    0     0   807M  260 2716  17 0.2  82   0   0   0 1.04 0.85 0.61
30-08 11:56:17 2308M    0     0   807M    0     0   16 0.7  83   0   0   0 1.04 0.85 0.61
30-08 11:56:18 2308M    0     0   807M  104  200  17 0.5  82   0   0   0 1.04 0.85 0.61
30-08 11:56:19 2308M    0     0   807M    0     0   16 0.3  83   0   0   0 1.04 0.85 0.61
30-08 11:56:20 2268M    0     0   846M 1573 1667  17 0.8  82   0   0   0 1.04 0.85 0.61
30-08 11:56:21 2308M    0     0   807M 52.0  100  16 0.8  83   0   0   0 1.04 0.85 0.61
30-08 11:56:22 2308M    0     0   807M    0     0   16 0.7  84   0   0   0 1.04 0.85 0.61
30-08 11:56:23 2308M    0     0   807M    0     0   16 0.7  83   0   0   0 1.04 0.85 0.61
30-08 11:56:24 2308M    0     0   807M  104  200  17 0.5  83   0   0   0 1.04 0.85 0.61
30-08 11:56:25 2308M    0     0   807M    0     0   16 0.5  83   0   0   0 1.04 0.85 0.61
30-08 11:56:26 2308M    0     0   807M  208 3566  16 0.8  83   0   0   0 1.04 0.85 0.61
30-08 11:56:27 2308M    0     0   807M    0     0   16 0.8  83   0   0   0 1.04 0.85 0.61
30-08 11:56:28 2308M    0     0   807M  104  200  17 0.7  82   0   0   0 1.04 0.85 0.61
30-08 11:56:29 2308M    0     0   807M    0     0   16 0.3  83   0   0   0 1.03 0.85 0.62
30-08 11:56:30 2308M    0     0   807M    0     0   16 0.8  83   0   0   0 1.03 0.85 0.62
30-08 11:56:31 2308M    0     0   807M    0     0   16 0.7  83   0   0   0 1.03 0.85 0.62
30-08 11:56:32 2308M    0     0   807M    0     0   16 0.7  83   0   0   0 1.03 0.85 0.62
30-08 11:56:33 2258M    0     0   857M 1573 1667  16 0.5  83   0   0   0 1.03 0.85 0.62
30-08 11:56:34 2304M    0     0   811M    0     0   16 0.8  84   0   0   0 1.03 0.85 0.62
30-08 11:56:35 2308M    0     0   807M 52.0  100  17 0.7  83   0   0   0 1.03 0.85 0.62
30-08 11:56:36 2308M    0     0   807M  156 2516  16 0.5  83   0   0   0 1.03 0.85 0.62
30-08 11:56:37 2308M    0     0   807M    0     0   16 0.5  83   0   0   0 1.03 0.85 0.62
30-08 11:56:38 2308M    0     0   807M    0     0   16 1.0  83   0   0   0 1.03 0.85 0.62
30-08 11:56:39 2308M    0     0   807M    0     0   16 0.8  83   0   0   0 1.03 0.86 0.62
30-08 11:56:40 2308M    0     0   807M    0   100  16 0.2  84   0   0   0 1.03 0.86 0.62
30-08 11:56:41 2308M    0     0   807M  104  100  17 0.2  83   0   0   0 1.03 0.86 0.62
30-08 11:56:42 2308M    0     0   807M    0     0   16 0.3  84   0   0   0 1.03 0.86 0.62
30-08 11:56:43 2308M    0     0   807M    0     0   17 0.3  83   0   0   0 1.03 0.86 0.62
30-08 11:56:44 2308M    0     0   807M    0     0   16 0.5  83   0   0   0 1.02 0.86 0.62
30-08 11:56:45 2308M    0     0   807M    0     0   16 0.3  83   0   0   0 1.02 0.86 0.62
30-08 11:56:46 2308M    0     0   807M  104  603  16 0.5  83   0   0   0 1.02 0.86 0.62
30-08 11:56:47 2308M    0     0   807M  104  200  16 0.3  83   0   0   0 1.02 0.86 0.62
30-08 11:56:48 2308M    0     0   807M    0     0   16 0.5  83   0   0   0 1.02 0.86 0.62
30-08 11:56:49 2308M    0     0   807M    0     0   16 0.7  83   0   0   0 1.02 0.86 0.62
30-08 11:56:50 2308M    0     0   807M    0     0   16 0.8  83   0   0   0 1.02 0.86 0.62
30-08 11:56:51 2308M    0     0   807M    0     0   16 0.5  83   0   0   0 1.02 0.86 0.62
30-08 11:56:52 2308M    0     0   807M    0     0   16 0.7  83   0   0   0 1.02 0.86 0.62
30-08 11:56:53 2274M    0     0   840M 1573 1667  16 0.8  83   0   0   0 1.02 0.86 0.62
30-08 11:56:54 2308M    0     0   807M 52.0  100  16 0.5  84   0   0   0 1.02 0.86 0.62
30-08 11:56:55 2308M    0     0   807M  104  200  17 0.5  83   0   0   0 1.02 0.86 0.62
30-08 11:56:56 2308M    0     0   806M  208 3115  17 0.5  83   0   0   0 1.02 0.86 0.62
30-08 11:56:57 2308M    0     0   806M 52.0  100  17 0.3  82   0   0   0 1.02 0.86 0.62
30-08 11:56:58 2255M    0     0   859M 1521 1567  16 0.7  83   0   0   0 1.02 0.86 0.62
30-08 11:56:59 2303M    0     0   811M    0     0   16 1.2  83   0   0   0 1.02 0.86 0.63
30-08 11:57:00 2308M    0     0   806M  104  200  16 0.5  83   0   0   0 1.02 0.86 0.63
30-08 11:57:01 2308M    0     0   806M    0     0   17 0.3  82   0   0   0 1.02 0.86 0.63
30-08 11:57:02 2309M    0     0   806M  104  200  15 0.3  85   0   0   0 1.02 0.86 0.63
30-08 11:57:03 2309M    0     0   806M    0     0   16 0.7  83   0   0   0 1.02 0.86 0.63
30-08 11:57:04 2309M    0     0   806M  104  200  17 0.5  82   0   0   0 1.02 0.87 0.63
30-08 11:57:05 2309M    0     0   806M    0     0   16 0.3  83   0   0   0 1.02 0.87 0.63
30-08 11:57:06 2309M    0     0   806M  208 3566  16 0.3  83   0   0   0 1.02 0.87 0.63
30-08 11:57:07 2286M    0     0   828M 1521 1583  17 1.1  82   0   0   0 1.02 0.87 0.63
30-08 11:57:08 2308M    0     0   807M 52.0  100  16 0.7  84   0   0   0 1.02 0.87 0.63
30-08 11:57:09 2308M    0     0   807M    0     0   16 0.3  83   0   0   0 1.02 0.87 0.63
30-08 11:57:10 2308M    0     0   807M    0     0   17 0.2  83   0   0   0 1.02 0.87 0.63
30-08 11:57:11 2308M    0     0   806M  104  200  18 0.3  81   0   0   0 1.02 0.87 0.63
30-08 11:57:12 2308M    0     0   806M    0     0   16 0.5  83   0   0   0 1.02 0.87 0.63
30-08 11:57:13 2308M    0     0   806M    0     0   17 0.2  83   0   0   0 1.02 0.87 0.63
30-08 11:57:14 2309M    0     0   806M  104  200  18 0.3  82   0   0   0 1.01 0.87 0.63
30-08 11:57:15 2309M    0     0   806M    0     0   16 0.5  83   0   0   0 1.01 0.87 0.63
30-08 11:57:16 2309M    0     0   806M  208 3110  16 0.3  83   0   0   0 1.01 0.87 0.63
30-08 11:57:17 2293M    0     0   822M 1520 1566  15 1.3  83   0   0   0 1.01 0.87 0.63
30-08 11:57:18 2308M    0     0   807M 52.0  100  17 0.3  83   0   0   0 1.01 0.87 0.63
30-08 11:57:19 2312M    0     0   803M  104  200  14 0.3  86   0   0   0 1.01 0.87 0.63
30-08 11:57:20 2264M    0     0   851M 1504 1550  17 0.7  82   0   0   0 1.01 0.87 0.63
30-08 11:57:21 2304M    0     0   810M    0   100  15 1.0  84   0   0   0 1.01 0.87 0.63
30-08 11:57:22 2308M    0     0   807M 52.0    0   17 0.3  82   0   0   0 1.01 0.87 0.63
30-08 11:57:23 2310M    0     0   804M  876 1252  16 0.7  83   0   0   0 1.01 0.87 0.63
30-08 11:57:24 2310M    0     0   804M    0     0   16 0.7  83   0   0   0 1.01 0.87 0.64
30-08 11:57:25 2272M    0     0   843M 1504 1566  17 1.2  82   0   0   0 1.01 0.87 0.64
30-08 11:57:26 2308M    0     0   807M  364 6773  15 0.8  84   0   0   0 1.01 0.87 0.64
30-08 11:57:27 2308M    0     0   807M    0     0   16 0.5  83   0   0   0 1.01 0.87 0.64
30-08 11:57:28 2308M    0     0   807M    0     0   16 0.8  83   0   0   0 1.01 0.87 0.64
30-08 11:57:29 2310M    0     0   805M  188  284  16 0.5  83   0   0   0 1.01 0.88 0.64
30-08 11:57:30 2310M    0     0   805M    0     0   16 0.5  83   0   0   0 1.01 0.88 0.64
30-08 11:57:31 2310M    0     0   805M    0     0   17 0.7  82   0   0   0 1.01 0.88 0.64
30-08 11:57:32 2310M    0     0   805M  104  200  16 0.3  83   0   0   0 1.01 0.88 0.64
30-08 11:57:33 2310M    0     0   805M    0     0   16 0.3  83   0   0   0 1.01 0.88 0.64
30-08 11:57:34 2310M    0     0   805M    0     0   18 0.3  82   0   0   0 1.01 0.88 0.64
30-08 11:57:35 2289M    0     0   826M 1539 1617  15 1.5  83   0   0   0 1.01 0.88 0.64
30-08 11:57:36 2307M    0     0   808M  260 3185  16 0.5  84   0   0   0 1.01 0.88 0.64
30-08 11:57:37 2310M    0     0   804M    0     0   16 0.3  83   0   0   0 1.01 0.88 0.64
30-08 11:57:38 2310M    0     0   804M    0     0   16 0.7  83   0   0   0 1.01 0.88 0.64
30-08 11:57:39 2310M    0     0   804M    0     0   16 0.3  83   0   0   0 1.01 0.88 0.64
30-08 11:57:40 2311M    0     0   803M  104  200  17 0.2  83   0   0   0 1.01 0.88 0.64
30-08 11:57:41 2311M    0     0   803M    0     0   16 0.2  83   0   0   0 1.01 0.88 0.64
30-08 11:57:42 2311M    0     0   803M    0     0   16 0.5  83   0   0   0 1.01 0.88 0.64
30-08 11:57:43 2311M    0     0   803M 52.0  100  18 0.2  82   0   0   0 1.01 0.88 0.64
30-08 11:57:44 2311M    0     0   803M 52.0  100  16 0.3  84   0   0   0 1.01 0.88 0.64
30-08 11:57:45 2311M    0     0   803M 52.0  100  18 0.2  82   0   0   0 1.01 0.88 0.64
30-08 11:57:46 2292M    0     0   823M 1675 4580  16 1.0  83   0   0   0 1.01 0.88 0.64
30-08 11:57:47 2308M    0     0   806M 52.0  100  16 0.3  84   0   0   0 1.01 0.88 0.64
30-08 11:57:48 2312M    0     0   802M  104  200  18 0.2  82   0   0   0 1.01 0.88 0.64
30-08 11:57:49 2248M    0     0   867M 1554 1648  17 0.7  82   0   0   0 1.01 0.88 0.64
30-08 11:57:50 2300M    0     0   815M 84.0 52.0  16 1.0  83   0   0   0 1.01 0.88 0.64
30-08 11:57:51 2308M    0     0   807M 52.0  100  16   0  84   0   0   0 1.01 0.88 0.64
30-08 11:57:52 2309M    0     0   806M  104  200  17 0.2  83   0   0   0 1.01 0.88 0.64
30-08 11:57:53 2309M    0     0   806M    0     0   17   0  83   0   0   0 1.01 0.88 0.64
30-08 11:57:54 2309M    0     0   806M  104  200  17 0.2  83   0   0   0 1.01 0.89 0.65
30-08 11:57:55 2309M    0     0   806M    0     0   17 0.2  83   0   0   0 1.01 0.89 0.65
30-08 11:57:56 2290M    0     0   825M 2598 8209  21 1.4  78   0   0   0 1.01 0.89 0.65
30-08 11:57:57 2308M    0     0   807M 52.0  100  15 0.7  84   0   0   0 1.01 0.89 0.65
30-08 11:57:58 2308M    0     0   807M    0     0   17   0  83   0   0   0 1.01 0.89 0.65
30-08 11:57:59 2309M    0     0   806M 52.0  100  17 0.3  82   0   0   0 1.00 0.89 0.65
30-08 11:58:00 2309M    0     0   806M  104  200  17   0  83   0   0   0 1.00 0.89 0.65
30-08 11:58:01 2309M    0     0   806M    0     0   16 0.3  83   0   0   0 1.00 0.89 0.65
30-08 11:58:02 2309M    0     0   806M  104  200  18 0.2  82   0   0   0 1.00 0.89 0.65
30-08 11:58:03 2309M    0     0   806M    0     0   17 0.2  83   0   0   0 1.00 0.89 0.65
30-08 11:58:04 2309M    0     0   806M    0     0   16 0.5  83   0   0   0 1.00 0.89 0.65
30-08 11:58:05 2309M    0     0   806M 52.0  332  17 0.3  83   0   0   0 1.00 0.89 0.65
30-08 11:58:06 2298M    0     0   817M 1671 4332  16 1.2  83   0   0   0 1.00 0.89 0.65
30-08 11:58:07 2308M    0     0   806M 52.0  100  15 0.5  84   0   0   0 1.00 0.89 0.65
30-08 11:58:08 2309M    0     0   806M  438 1232  17 0.3  83   0   0   0 1.00 0.89 0.65
30-08 11:58:09 2309M    0     0   806M  104  200  17 0.2  83   0   0   0 1.00 0.89 0.65
30-08 11:58:10 2309M    0     0   806M    0     0   17   0  83   0   0   0 1.00 0.89 0.65
30-08 11:58:11 2284M    0     0   831M 1573 1667  16 1.2  83   0   0   0 1.00 0.89 0.65
30-08 11:58:12 2308M    0     0   806M 52.0  100  16 0.5  84   0   0   0 1.00 0.89 0.65
30-08 11:58:13 2308M    0     0   806M    0     0   17   0  83   0   0   0 1.00 0.89 0.65
30-08 11:58:14 2308M    0     0   806M    0     0   17 0.3  82   0   0   0 1.00 0.89 0.65
30-08 11:58:15 2308M    0     0   806M  104  200  16 0.2  83   0   0   0 1.00 0.89 0.65
30-08 11:58:16 2308M    0     0   806M  208 3725  16 0.3  83   0   0   0 1.00 0.89 0.65
30-08 11:58:17 2308M    0     0   806M    0     0   16 0.7  83   0   0   0 1.00 0.89 0.65
30-08 11:58:18 2308M    0     0   806M  104  200  17 0.5  82   0   0   0 1.00 0.89 0.65
30-08 11:58:19 2308M    0     0   806M    0     0   16 0.5  83   0   0   0 1.00 0.89 0.65
30-08 11:58:20 2308M    0     0   806M    0     0   16 0.2  83   0   0   0 1.00 0.89 0.65
30-08 11:58:21 2308M    0     0   806M    0     0   16 0.3  83   0   0   0 1.00 0.89 0.65
30-08 11:58:22 2266M    0     0   849M 1521 1583  17 0.7  82   0   0   0 1.00 0.89 0.65
30-08 11:58:23 2308M    0     0   807M  892 1297  16 1.2  83   0   0   0 1.00 0.89 0.65
30-08 11:58:24 2308M    0     0   806M    0     0   16 0.2  84   0   0   0 1.00 0.89 0.65
30-08 11:58:25 2308M    0     0   806M    0     0   16 0.7  83   0   0   0 1.00 0.89 0.65
30-08 11:58:26 2308M    0     0   806M  156 2516  16 0.5  83   0   0   0 1.00 0.89 0.65
30-08 11:58:27 2308M    0     0   806M    0     0   16 0.5  83   0   0   0 1.00 0.89 0.65
30-08 11:58:28 2308M    0     0   806M    0     0   16 0.5  83   0   0   0 1.00 0.89 0.65
30-08 11:58:29 2308M    0     0   806M  104  200  17 0.8  82   0   0   0 1.00 0.90 0.66
30-08 11:58:30 2308M    0     0   806M    0     0   16 0.5  83   0   0   0 1.00 0.90 0.66
30-08 11:58:31 2308M    0     0   806M    0     0   17 0.2  83   0   0   0 1.00 0.90 0.66
30-08 11:58:32 2308M    0     0   806M    0     0   16 0.7  83   0   0   0 1.00 0.90 0.66
30-08 11:58:33 2308M    0     0   806M    0     0   17 0.2  83   0   0   0 1.00 0.90 0.66
30-08 11:58:34 2308M    0     0   806M  104  200  16 0.2  83   0   0   0 1.00 0.90 0.66
30-08 11:58:35 2308M    0     0   806M    0     0   18 0.3  82   0   0   0 1.00 0.90 0.66
30-08 11:58:36 2308M    0     0   806M  104 1102  16 0.5  83   0   0   0 1.00 0.90 0.66
30-08 11:58:37 2308M    0     0   806M    0     0   16 0.2  83   0   0   0 1.00 0.90 0.66
30-08 11:58:38 2308M    0     0   806M    0     0   16 0.3  83   0   0   0 1.00 0.90 0.66
30-08 11:58:39 2308M    0     0   806M    0     0   16 0.7  83   0   0   0 1.00 0.90 0.66
30-08 11:58:40 2267M    0     0   848M 1521 1583  15 1.3  83   0   0   0 1.00 0.90 0.66
30-08 11:58:41 2306M    0     0   809M    0   100  15 1.0  84   0   0   0 1.00 0.90 0.66
30-08 11:58:42 2309M    0     0   806M  156  200  18 0.8  82   0   0   0 1.00 0.90 0.66
30-08 11:58:43 2309M    0     0   806M  104  200  19 0.2  81   0   0   0 1.00 0.90 0.66
30-08 11:58:44 2309M    0     0   806M 52.0  216  19 0.3  81   0   0   0 1.00 0.90 0.66
30-08 11:58:45 2297M    0     0   818M 1520 1450  16 1.0  83   0   0   0 1.00 0.90 0.66
30-08 11:58:46 2308M    0     0   806M  312 5077  16 0.2  84   0   0   0 1.00 0.90 0.66
30-08 11:58:47 2309M    0     0   806M  104  200  18 0.5  82   0   0   0 1.00 0.90 0.66
30-08 11:58:48 2308M    0     0   806M 52.0  232  18 0.3  81   0   0   0 1.00 0.90 0.66
30-08 11:58:49 2296M    0     0   819M 1451 1317  16 0.8  83   0   0   0 1.00 0.90 0.66
30-08 11:58:50 2309M    0     0   805M 52.0  100  15 0.5  84   0   0   0 1.00 0.90 0.66
30-08 11:58:51 2309M    0     0   805M    0     0   17 0.2  83   0   0   0 1.00 0.90 0.66
30-08 11:58:52 2310M    0     0   805M  104  200  18 0.2  82   0   0   0 1.00 0.90 0.66
30-08 11:58:53 2310M    0     0   805M 84.0 52.0  17   0  83   0   0   0 1.00 0.90 0.66
30-08 11:58:54 2284M    0     0   830M 1587 2753  15 1.5  83   0   0   0 1.00 0.90 0.66
30-08 11:58:55 2308M    0     0   806M    0     0   17 0.7  83   0   0   0 1.00 0.90 0.66
30-08 11:58:56 2308M    0     0   806M  344 4987  17 0.2  83   0   0   0 1.00 0.90 0.66
30-08 11:58:57 2309M    0     0   806M  188 1324  16 0.2  84   0   0   0 1.00 0.90 0.66
30-08 11:58:58 2309M    0     0   806M    0     0   17 0.2  83   0   0   0 1.00 0.90 0.66
30-08 11:58:59 2309M    0     0   806M    0     0   16 0.3  83   0   0   0 1.00 0.90 0.66
30-08 11:59:00 2309M    0     0   806M 52.0  100  17   0  83   0   0   0 1.00 0.90 0.66
30-08 11:59:01 2309M    0     0   806M 84.0 52.0  17 0.7  83   0   0   0 1.00 0.90 0.66
30-08 11:59:02 2294M    0     0   821M 1416 1334  15 1.7  83   0   0   0 1.00 0.90 0.66
30-08 11:59:03 2308M    0     0   806M    0     0   17 0.8  82   0   0   0 1.00 0.90 0.66
30-08 11:59:04 2308M    0     0   806M  136  536  16 0.5  83   0   0   0 1.08 0.92 0.67
30-08 11:59:05 2309M    0     0   806M    0     0   16 0.5  84   0   0   0 1.08 0.92 0.67
30-08 11:59:06 2309M    0     0   806M  292 3609  17 0.5  83   0   0   0 1.08 0.92 0.67
30-08 11:59:07 2288M    0     0   826M 1691 2361  16 1.0  83   0   0   0 1.08 0.92 0.67
30-08 11:59:08 2308M    0     0   806M    0     0   15 0.5  84   0   0   0 1.08 0.92 0.67
30-08 11:59:09 2308M    0     0   806M  408  776  17 0.2  83   0   0   0 1.07 0.92 0.67
30-08 11:59:10 2309M    0     0   806M  104  232  17 0.2  83   0   0   0 1.07 0.92 0.67
30-08 11:59:11 2309M    0     0   806M    0     0   16 0.5  83   0   0   0 1.07 0.92 0.67
30-08 11:59:12 2309M    0     0   806M    0     0   17 0.3  82   0   0   0 1.07 0.92 0.67
30-08 11:59:13 2309M    0     0   806M  104  200  16 0.3  83   0   0   0 1.07 0.92 0.67
30-08 11:59:14 2309M    0     0   806M    0     0   16 0.3  83   0   0   0 1.07 0.92 0.67
30-08 11:59:15 2309M    0     0   805M    0     0   17 0.3  83   0   0   0 1.07 0.92 0.67
30-08 11:59:16 2290M    0     0   825M 1833 6467  15 0.8  84   0   0   0 1.07 0.92 0.67
30-08 11:59:17 2308M    0     0   806M 52.0  100  16 0.8  84   0   0   0 1.07 0.92 0.67
30-08 11:59:18 2308M    0     0   806M    0     0   16 0.7  83   0   0   0 1.07 0.92 0.67
30-08 11:59:19 2308M    0     0   806M    0     0   17 0.2  83   0   0   0 1.06 0.93 0.68
30-08 11:59:20 2312M    0     0   802M    0     0   14 0.5  86   0   0   0 1.06 0.93 0.68
30-08 11:59:21 2315M    0     0   800M  104  200  15 0.2  85   0   0   0 1.06 0.93 0.68
30-08 11:59:22 2315M    0     0   800M    0     0   17 0.2  83   0   0   0 1.06 0.93 0.68
30-08 11:59:23 2315M    0     0   800M    0     0   16 0.5  83   0   0   0 1.06 0.93 0.68
30-08 11:59:24 2316M    0     0   799M    0     0   17 0.5  82   0   0   0 1.06 0.93 0.68
30-08 11:59:25 2316M    0     0   799M  104  200  16 0.7  84   0   0   0 1.06 0.93 0.68
30-08 11:59:26 2316M    0     0   799M  104 1256  17 0.3  82   0   0   0 1.06 0.93 0.68
30-08 11:59:27 2316M    0     0   799M    0     0   16 0.3  83   0   0   0 1.06 0.93 0.68
30-08 11:59:28 2316M    0     0   799M    0     0   17 0.2  83   0   0   0 1.06 0.93 0.68
30-08 11:59:29 2290M    0     0   824M 1537 1615  15 1.5  83   0   0   0 1.05 0.93 0.68
30-08 11:59:30 2308M    0     0   806M 52.0  100  16 0.8  84   0   0   0 1.05 0.93 0.68
30-08 11:59:31 2309M    0     0   806M  104  200  17 0.3  83   0   0   0 1.05 0.93 0.68
30-08 11:59:32 2309M    0     0   806M    0     0   16 0.3  83   0   0   0 1.05 0.93 0.68
30-08 11:59:33 2309M    0     0   806M  104  200  17 0.3  83   0   0   0 1.05 0.93 0.68
30-08 11:59:34 2309M    0     0   806M    0     0   16 0.8  83   0   0   0 1.05 0.93 0.68
30-08 11:59:35 2309M    0     0   806M 52.0  100  17 0.5  82   0   0   0 1.05 0.93 0.68
30-08 11:59:36 2295M    0     0   820M 1781 6404  15 1.2  83   0   0   0 1.05 0.93 0.68
30-08 11:59:37 2309M    0     0   806M 52.0  100  15 0.7  84   0   0   0 1.05 0.93 0.68
30-08 11:59:38 2309M    0     0   806M    0     0   16 0.5  83   0   0   0 1.05 0.93 0.68
30-08 11:59:39 2309M    0     0   806M    0     0   16 0.3  83   0   0   0 1.04 0.93 0.68
30-08 11:59:40 2309M    0     0   806M  772 1036  16 0.3  83   0   0   0 1.04 0.93 0.68
30-08 11:59:41 2309M    0     0   805M  892 1220  16 0.8  83   0   0   0 1.04 0.93 0.68
30-08 11:59:42 2309M    0     0   805M    0     0   16 0.8  83   0   0   0 1.04 0.93 0.68
30-08 11:59:43 2309M    0     0   805M    0     0   16 0.5  83   0   0   0 1.04 0.93 0.68
30-08 11:59:44 2309M    0     0   805M    0     0   17 0.3  82   0   0   0 1.04 0.93 0.68
30-08 11:59:45 2309M    0     0   805M  104  200  17 0.2  83   0   0   0 1.04 0.93 0.68
30-08 11:59:46 2309M    0     0   805M  104 1261  16 0.5  83   0   0   0 1.04 0.93 0.68
30-08 11:59:47 2309M    0     0   805M    0     0   16 0.7  83   0   0   0 1.04 0.93 0.68
30-08 11:59:48 2309M    0     0   805M    0     0   17 0.5  82   0   0   0 1.04 0.93 0.68
30-08 11:59:49 2279M    0     0   836M 1573 1667  16 1.0  83   0   0   0 1.04 0.93 0.68
30-08 11:59:50 2309M    0     0   806M 52.0  100  16 0.8  83   0   0   0 1.04 0.93 0.68
30-08 11:59:51 2309M    0     0   806M    0     0   16 0.5  83   0   0   0 1.04 0.93 0.68
30-08 11:59:52 2309M    0     0   806M    0     0   16 0.3  83   0   0   0 1.04 0.93 0.68
30-08 11:59:53 2309M    0     0   806M    0     0   16 0.5  83   0   0   0 1.04 0.93 0.68
30-08 11:59:54 2309M    0     0   806M 52.0  100  16 0.3  83   0   0   0 1.03 0.93 0.69
30-08 11:59:55 2309M    0     0   806M 52.0  100  17 0.3  83   0   0   0 1.03 0.93 0.69
30-08 11:59:56 2309M    0     0   806M  156 2516  16 0.7  83   0   0   0 1.03 0.93 0.69
30-08 11:59:57 2309M    0     0   806M    0     0   16 1.0  83   0   0   0 1.03 0.93 0.69
30-08 11:59:58 2309M    0     0   806M    0     0   17   0  83   0   0   0 1.03 0.93 0.69
30-08 11:59:59 2309M    0     0   806M  104  200  17 0.3  83   0   0   0 1.03 0.93 0.69
30-08 12:00:00 2309M    0     0   806M 52.0  116  16 0.7  83   0   0   0 1.03 0.93 0.69
30-08 12:00:01 2309M    0     0   806M    0     0   16 0.3  83   0   0   0 1.03 0.93 0.69
30-08 12:00:02 2309M    0     0   806M    0     0   17 0.7  82   0   0   0 1.03 0.93 0.69
30-08 12:00:03 2261M    0     0   854M 1514 1576  15 1.3  83   0   0   0 1.03 0.93 0.69
30-08 12:00:04 2305M    0     0   810M    0     0   16 0.7  83   0   0   0 1.03 0.93 0.69
30-08 12:00:05 2309M    0     0   806M  156  300  18 0.5  82   0   0   0 1.03 0.93 0.69
30-08 12:00:06 2309M    0     0   806M  156 3015  16 0.5  83   0   0   0 1.03 0.93 0.69
30-08 12:00:07 2309M    0     0   806M  104  200  18 0.3  82   0   0   0 1.03 0.93 0.69
30-08 12:00:08 2309M    0     0   806M    0     0   16 0.5  83   0   0   0 1.03 0.93 0.69
30-08 12:00:09 2284M    0     0   830M 1514 1560  16 1.0  83   0   0   0 1.02 0.94 0.69
30-08 12:00:10 2309M    0     0   806M 52.0  100  16 0.8  83   0   0   0 1.02 0.94 0.69
30-08 12:00:11 2309M    0     0   806M    0     0   16 0.7  83   0   0   0 1.02 0.94 0.69
30-08 12:00:12 2309M    0     0   806M    0     0   16 0.3  83   0   0   0 1.02 0.94 0.69
30-08 12:00:13 2309M    0     0   806M  104  200  17 0.7  82   0   0   0 1.02 0.94 0.69
30-08 12:00:14 2309M    0     0   806M    0     0   16 0.3  83   0   0   0 1.02 0.94 0.69
30-08 12:00:15 2309M    0     0   806M    0     0   17 0.3  82   0   0   0 1.02 0.94 0.69
30-08 12:00:16 2288M    0     0   827M 1815 6434  15 1.0  84   0   0   0 1.02 0.94 0.69
30-08 12:00:17 2309M    0     0   806M 52.0  100  16 0.8  83   0   0   0 1.02 0.94 0.69
30-08 12:00:18 2309M    0     0   806M    0     0   16 0.3  83   0   0   0 1.02 0.94 0.69
30-08 12:00:19 2309M    0     0   806M    0     0   16 0.5  83   0   0   0 1.02 0.94 0.69
30-08 12:00:20 2309M    0     0   805M  104  200  16 0.3  83   0   0   0 1.02 0.94 0.69
30-08 12:00:21 2309M    0     0   805M    0     0   16 0.5  83   0   0   0 1.02 0.94 0.69
30-08 12:00:22 2309M    0     0   805M    0     0   16 0.7  83   0   0   0 1.02 0.94 0.69
30-08 12:00:23 2248M    0     0   867M 1502 1548  17 0.8  83   0   0   0 1.02 0.94 0.69
30-08 12:00:24 2300M    0     0   815M    0     0   16 0.8  83   0   0   0 1.02 0.94 0.69
30-08 12:00:25 2309M    0     0   806M 52.0  100  15 1.0  84   0   0   0 1.02 0.94 0.69
30-08 12:00:26 2309M    0     0   806M  156 2657  16 0.5  83   0   0   0 1.02 0.94 0.69
30-08 12:00:27 2309M    0     0   806M    0     0   16 0.3  83   0   0   0 1.02 0.94 0.69
30-08 12:00:28 2311M    0     0   803M  104  200  17 0.3  83   0   0   0 1.02 0.94 0.69
30-08 12:00:29 2311M    0     0   803M    0     0   16 0.7  83   0   0   0 1.02 0.94 0.70
30-08 12:00:30 2311M    0     0   803M    0     0   16 0.7  83   0   0   0 1.02 0.94 0.70
30-08 12:00:31 2311M    0     0   803M  772 1052  16 0.3  83   0   0   0 1.02 0.94 0.70
30-08 12:00:32 2311M    0     0   803M  824 1336  16 0.8  83   0   0   0 1.02 0.94 0.70
30-08 12:00:33 2297M    0     0   817M 1503 1317  16 1.0  83   0   0   0 1.02 0.94 0.70
30-08 12:00:34 2309M    0     0   805M 52.0  100  16 0.2  84   0   0   0 1.02 0.94 0.70
30-08 12:00:35 2310M    0     0   805M  104  200  17 0.7  82   0   0   0 1.02 0.94 0.70
30-08 12:00:36 2269M    0     0   846M 1815 6418  16 1.0  83   0   0   0 1.02 0.94 0.70
30-08 12:00:37 2308M    0     0   806M 52.0  100  16 0.8  84   0   0   0 1.02 0.94 0.70
30-08 12:00:38 2309M    0     0   805M    0   100  18 0.5  82   0   0   0 1.02 0.94 0.70
30-08 12:00:39 2309M    0     0   805M  104  100  17 0.3  82   0   0   0 1.01 0.94 0.70
30-08 12:00:40 2310M    0     0   805M  104  200  16 0.2  84   0   0   0 1.01 0.94 0.70
30-08 12:00:41 2280M    0     0   834M 2345 2703  17 1.0  82   0   0   0 1.01 0.94 0.70
30-08 12:00:42 2309M    0     0   806M 52.0  100  16 0.7  83   0   0   0 1.01 0.94 0.70
30-08 12:00:43 2309M    0     0   806M    0     0   17   0  83   0   0   0 1.01 0.94 0.70
30-08 12:00:44 2311M    0     0   804M  104  200  16 0.2  83   0   0   0 1.01 0.94 0.70
30-08 12:00:45 2311M    0     0   804M    0     0   16 0.5  83   0   0   0 1.01 0.94 0.70
30-08 12:00:46 2311M    0     0   803M  312 4265  16 0.5  83   0   0   0 1.01 0.94 0.70
30-08 12:00:47 2311M    0     0   803M    0     0   17 0.5  83   0   0   0 1.01 0.94 0.70
30-08 12:00:48 2311M    0     0   803M    0     0   16 0.7  83   0   0   0 1.01 0.94 0.70
30-08 12:00:49 2311M    0     0   803M    0     0   16 0.3  83   0   0   0 1.01 0.94 0.70
30-08 12:00:50 2294M    0     0   821M 1520 1582  15 1.5  83   0   0   0 1.01 0.94 0.70
30-08 12:00:51 2310M    0     0   805M 52.0  100  16 0.7  83   0   0   0 1.01 0.94 0.70
30-08 12:00:52 2310M    0     0   805M    0     0   16 0.7  83   0   0   0 1.01 0.94 0.70
30-08 12:00:53 2310M    0     0   805M    0     0   16 0.5  83   0   0   0 1.01 0.94 0.70
30-08 12:00:54 2310M    0     0   805M    0     0   17 0.5  83   0   0   0 1.01 0.94 0.70
30-08 12:00:55 2311M    0     0   804M  104  200  16 0.3  83   0   0   0 1.01 0.94 0.70
30-08 12:00:56 2264M    0     0   851M 1815 6104  17 0.8  82   0   0   0 1.01 0.94 0.70
30-08 12:00:57 2306M    0     0   808M    0   100  16 1.0  84   0   0   0 1.01 0.94 0.70
30-08 12:00:58 2310M    0     0   805M 52.0    0   16 0.2  84   0   0   0 1.01 0.94 0.70
30-08 12:00:59 2311M    0     0   804M  104  200  17 0.5  83   0   0   0 1.01 0.94 0.70
30-08 12:01:00 2311M    0     0   804M  156  300  17 0.2  83   0   0   0 1.01 0.94 0.70
30-08 12:01:01 2311M    0     0   804M    0     0   18   0  82   0   0   0 1.01 0.94 0.70
30-08 12:01:02 2105M    0     0  1009M  677  831 9.0 0.9  90   0   0   0 1.01 0.94 0.70
30-08 12:01:03 2105M    0     0  1009M    0     0    0   0 100   0   0   0 1.01 0.94 0.70
30-08 12:01:04 2105M    0     0  1009M    0     0    0   0 100   0   0   0 0.93 0.93 0.70
30-08 12:01:05 2105M    0     0  1009M    0     0  0.2   0 100   0   0   0 0.93 0.93 0.70
30-08 12:01:06 2105M    0     0  1009M  156 3015   0   0 100   0   0   0 0.93 0.93 0.70
30-08 12:01:07 2105M    0     0  1009M    0     0    0   0 100   0   0   0 0.93 0.93 0.70
30-08 12:01:08 2105M    0     0  1009M    0     0    0 0.2 100   0   0   0 0.93 0.93 0.70
30-08 12:01:09 2105M    0     0  1009M    0     0    0   0 100   0   0   0 0.85 0.91 0.70
30-08 12:01:10 2105M    0     0  1009M    0     0    0   0 100   0   0   0 0.85 0.91 0.70
30-08 12:01:11 2105M    0     0  1009M    0     0    0   0 100   0   0   0 0.85 0.91 0.70
30-08 12:01:12 2105M    0     0  1009M    0     0    0   0 100   0   0   0 0.85 0.91 0.70
30-08 12:01:13 2105M    0     0  1009M    0     0    0   0 100   0   0   0 0.85 0.91 0.70
30-08 12:01:14 2105M    0     0  1009M    0     0    0   0 100   0   0   0 0.78 0.90 0.69
30-08 12:01:15 2105M    0     0  1009M    0     0    0   0 100   0   0   0 0.78 0.90 0.69
30-08 12:01:16 2105M    0     0  1009M    0     0    0   0 100   0   0   0 0.78 0.90 0.69
30-08 12:01:17 2105M    0     0  1009M    0     0  0.2   0 100   0   0   0 0.78 0.90 0.69
30-08 12:01:18 2105M    0     0  1009M    0     0    0   0 100   0   0   0 0.78 0.90 0.69
30-08 12:01:19 2105M    0     0  1009M    0     0  0.2 0.2 100   0   0   0 0.72 0.88 0.69
30-08 12:01:20 2105M    0     0  1009M    0     0    0   0 100   0   0   0 0.72 0.88 0.69
30-08 12:01:21 2105M    0     0  1009M    0     0    0   0 100   0   0   0 0.72 0.88 0.69
30-08 12:01:22 2105M    0     0  1009M    0     0    0   0 100   0   0   0 0.72 0.88 0.69
30-08 12:01:23 2105M    0     0  1009M    0     0    0   0 100   0   0   0 0.72 0.88 0.69
30-08 12:01:24 2105M    0     0  1009M    0     0    0   0 100   0   0   0 0.66 0.87 0.69
30-08 12:01:25 2105M    0     0  1009M    0     0    0   0 100   0   0   0 0.66 0.87 0.69
30-08 12:01:26 2105M    0     0  1009M    0     0    0   0 100   0   0   0 0.66 0.87 0.69
30-08 12:01:27 2105M    0     0  1009M    0     0    0   0 100   0   0   0 0.66 0.87 0.69
30-08 12:01:28 2105M    0     0  1009M    0     0    0 0.2 100   0   0   0 0.66 0.87 0.69
30-08 12:01:29 2105M    0     0  1009M    0     0    0   0 100   0   0   0 0.61 0.85 0.68
30-08 12:01:30 2105M    0     0  1009M    0     0    0   0 100   0   0   0 0.61 0.85 0.68
30-08 12:01:31 2105M    0     0  1009M    0     0    0   0 100   0   0   0 0.61 0.85 0.68
30-08 12:01:32 2105M    0     0  1009M    0     0    0   0 100   0   0   0 0.61 0.85 0.68
30-08 12:01:33 2105M    0     0  1009M    0     0    0   0 100   0   0   0 0.61 0.85 0.68
30-08 12:01:34 2105M    0     0  1009M    0     0    0   0 100   0   0   0 0.56 0.84 0.68
30-08 12:01:35 2105M    0     0  1009M    0     0  0.2 0.2 100   0   0   0 0.56 0.84 0.68
30-08 12:01:36 2105M    0     0  1009M    0     0    0   0 100   0   0   0 0.56 0.84 0.68
30-08 12:01:37 2105M    0     0  1009M    0     0    0   0 100   0   0   0 0.56 0.84 0.68
30-08 12:01:38 2105M    0     0  1009M    0     0    0   0 100   0   0   0 0.56 0.84 0.68
30-08 12:01:39 2105M    0     0  1009M    0     0    0   0 100   0   0   0 0.52 0.82 0.67
30-08 12:01:40 2105M    0     0  1009M    0     0    0   0 100   0   0   0 0.52 0.82 0.67
30-08 12:01:41 2105M    0     0  1009M    0     0    0   0 100   0   0   0 0.52 0.82 0.67
30-08 12:01:42 2105M    0     0  1009M    0     0    0   0 100   0   0   0 0.52 0.82 0.67
30-08 12:01:43 2105M    0     0  1009M    0     0    0   0 100   0   0   0 0.52 0.82 0.67
30-08 12:01:44 2105M    0     0  1009M    0     0  0.2   0 100   0   0   0 0.47 0.81 0.67
30-08 12:01:45 2105M    0     0  1009M    0     0    0   0 100   0   0   0 0.47 0.81 0.67
30-08 12:01:46 2105M    0     0  1009M    0     0    0   0 100   0   0   0 0.47 0.81 0.67
30-08 12:01:47 2105M    0     0  1009M    0     0    0   0 100   0   0   0 0.47 0.81 0.67
30-08 12:01:48 2106M    0     0  1009M  272  220   0 0.2 100   0   0   0 0.47 0.81 0.67
30-08 12:01:49 2105M    0     0  1009M  544  336   0   0 100   0   0   0 0.44 0.80 0.67
30-08 12:01:50 2105M    0     0  1009M  324 1876 0.2   0 100   0   0   0 0.44 0.80 0.67
30-08 12:01:51 2105M    0     0  1009M    0     0    0   0 100   0   0   0 0.44 0.80 0.67
30-08 12:01:52 2105M    0     0  1009M  220 1372 0.2   0 100   0   0   0 0.44 0.80 0.67
30-08 12:01:53 2105M    0     0  1009M  356 1096   0   0 100   0   0   0 0.44 0.80 0.67
30-08 12:01:54 2105M    0     0  1009M 52.0 52.0 0.2   0 100   0   0   0 0.40 0.78 0.66
