30-08 11:21:17 2100M    0     0  1015M    0     0  0.1 0.0 100 0.0   0   0    0 0.38 0.52
30-08 11:21:18 2100M    0     0  1015M    0     0    0   0 100   0   0   0    0 0.38 0.52
30-08 11:21:19 2100M    0     0  1015M  544  864   0   0 100   0   0   0    0 0.38 0.52
30-08 11:21:20 2128M    0     0   986M  136  152 6.5 0.6  93   0   0   0    0 0.38 0.52
30-08 11:21:21 2164M    0     0   951M    0     0   12 0.9  87   0   0   0    0 0.38 0.52
30-08 11:21:22 2164M    0     0   951M 84.0 52.0   0   0 100   0   0   0    0 0.37 0.52
30-08 11:21:23 2164M    0     0   951M  136 1288 0.2 0.2 100   0   0   0    0 0.37 0.52
30-08 11:21:24 2174M    0     0   941M  136 84.0 2.3   0  98   0   0   0    0 0.37 0.52
30-08 11:21:25 2224M    0     0   891M  146  182  16 0.8  83   0   0   0    0 0.37 0.52
30-08 11:21:26 2274M    0     0   840M  530  426  16 0.8  83   0   0   0    0 0.37 0.52
30-08 11:21:27 2255M    0     0   859M  706  593  14 2.0  84   0   0   0 0.08 0.38 0.52
30-08 11:21:28 2287M    0     0   828M    0  52.0  16 2.0  83   0   0   0 0.08 0.38 0.52
30-08 11:21:29 2319M    0     0   795M    0     0   14 3.0  83   0   0   0 0.08 0.38 0.52
30-08 11:21:30 2351M    0     0   764M    0     0   14 2.3  84   0   0   0 0.08 0.38 0.52
30-08 11:21:31 2392M    0     0   723M  997 1481  14 2.7  83   0   0   0 0.08 0.38 0.52
30-08 11:21:32 2440M    0     0   675M 84.0 52.0  16 0.7  83   0   0   0 0.16 0.39 0.52
30-08 11:21:33 2389M    0     0   726M 34.0.0068359375 34.0.0068359375  15 2.5  83   0   0   0 0.16 0.39 0.52
30-08 11:21:34 2440M    0     0   675M  156 1923  16 0.8  83   0   0   0 0.16 0.39 0.52
30-08 11:21:35 2389M    0     0   726M 83.0.0068359375 83.0.005859375  15 2.0  83   0   0   0 0.16 0.39 0.52
30-08 11:21:36 2440M    0     0   674M  816  572  16 1.0  83   0   0   0 0.16 0.39 0.52
30-08 11:21:37 2445M    0     0   670M  544  388  15 1.3  84   0   0   0 0.22 0.40 0.52
30-08 11:21:38 2432M    0     0   683M 48.0.0029296875 48.0.0009765625  16 1.2  83   0   0   0 0.22 0.40 0.52
30-08 11:21:39 2493M    0     0   622M  136  100  25 2.7  72   0   0   0 0.22 0.40 0.52
30-08 11:21:40 2535M    0     0   580M 35.0.0029296875 35.0  27 1.9  72   0   0   0 0.22 0.40 0.52
30-08 11:21:41 2505M    0     0   609M 39.0.0078125 39.0.0078125  26 3.0  71   0   0   0 0.22 0.40 0.52
30-08 11:21:42 2562M    0     0   552M  408  252  26 2.8  71   0   0   0 0.45 0.44 0.54
30-08 11:21:43 2563M    0     0   552M 35.0.0087890625 35.0.005859375  26 3.8  71   0   0   0 0.45 0.44 0.54
30-08 11:21:44 2644M    0     0   471M  312 6331  26 3.5  71   0   0   0 0.45 0.44 0.54
30-08 11:21:45 2626M    0     0   489M 41.0.00390625 40.0.0087890625  26 3.9  70   0   0   0 0.45 0.44 0.54
30-08 11:21:46 2720M    0     0   395M  628  488  27 1.3  71   0   0   0 0.45 0.44 0.54
30-08 11:21:47 2678M    0     0   437M 34.0.0048828125 34.0.00390625  26 3.1  71   0   0   0 0.57 0.47 0.54
30-08 11:21:48 2711M    0     0   404M 37.0.00390625 37.0.001953125  27 1.6  72   0   0   0 0.57 0.47 0.54
30-08 11:21:49 2681M    0     0   433M 36.0.001953125 36.0.0068359375  25 4.0  71   0   0   0 0.57 0.47 0.54
30-08 11:21:50 2708M    0     0   407M 34.0.0048828125 34.0.0048828125  26 2.4  71   0   0   0 0.57 0.47 0.54
30-08 11:21:51 2737M    0     0   377M  260  452  24 2.6  73   0   0   0 0.57 0.47 0.54
30-08 11:21:52 2715M    0     0   399M 36.0.0029296875 36.0.001953125  26 2.6  71   0   0   0 0.68 0.49 0.55
30-08 11:21:53 2732M    0     0   382M  156  284  25 4.6  70   0   0   0 0.68 0.49 0.55
30-08 11:21:54 2715M    0     0   399M 37.0.0048828125 50.0.0078125  26 3.1  71   0   0   0 0.68 0.49 0.55
30-08 11:21:55 2649M    0     0   465M  0.16796875  0.1669921875  27 3.1  70   0   0   0 0.68 0.49 0.55
30-08 11:21:56 2719M    0     0   396M  824 1204  30 2.3  68   0   0   0 0.68 0.49 0.55
30-08 11:21:57 2710M    0     0   405M 90.0.001953125 93.0.0009765625  25 3.2  72   0   0   0 0.79 0.52 0.56
30-08 11:21:58 2697M    0     0   417M 39.0.0048828125 36.0.0029296875  26 2.3  71   0   0   0 0.79 0.52 0.56
30-08 11:21:59 2729M    0     0   386M  156  284  26 3.1  71   0   0   0 0.79 0.52 0.56
30-08 11:22:00 2693M    0     0   421M 72.0.0078125 72.0.005859375  25 3.0  72   0   0   0 0.79 0.52 0.56
30-08 11:22:01 2705M    0     0   409M 35.0.00390625 35.0.00390625  27 1.7  71   0   0   0 0.79 0.52 0.56
30-08 11:22:02 2702M    0     0   412M 38.0.005859375 38.0.005859375  27 2.3  71   0   0   0 0.89 0.54 0.57
30-08 11:22:03 2711M    0     0   403M 34.0.0068359375 34.0.0068359375  26 2.1  72   0   0   0 0.89 0.54 0.57
30-08 11:22:04 2689M    0     0   426M 42.0.0068359375 54.0.001953125  25 3.6  71   0   0   0 0.89 0.54 0.57
30-08 11:22:05 2710M    0     0   405M 34.0.005859375 34.0.005859375  26 2.6  71   0   0   0 0.89 0.54 0.57
30-08 11:22:06 2693M    0     0   421M 36.0.001953125 36.0.0029296875  25 3.3  71   0   0   0 0.89 0.54 0.57
30-08 11:22:07 2703M    0     0   411M 35.0.0068359375 35.0.005859375  26 2.7  72   0   0   0 0.98 0.57 0.57
30-08 11:22:08 2686M    0     0   428M 38.0.0068359375 38.0.0078125  26 2.6  71   0   0   0 0.98 0.57 0.57
30-08 11:22:09 2698M    0     0   417M 34.0.005859375 34.0.005859375  26 2.0  72   0   0   0 0.98 0.57 0.57
30-08 11:22:10 2684M    0     0   430M 31.0.0029296875 31.0.00390625  25 3.1  72   0   0   0 0.98 0.57 0.57
30-08 11:22:11 2717M    0     0   398M 34.0.005859375 34.0.0048828125  26 2.6  71   0   0   0 0.98 0.57 0.57
30-08 11:22:12 2720M    0     0   394M 48.0.0029296875 48.0.0048828125  28 3.2  69   0   0   0 1.06 0.59 0.58
30-08 11:22:13 2722M    0     0   392M 35.0.0087890625 35.0.0087890625  35 2.6  62   0   0   0 1.06 0.59 0.58
30-08 11:22:14 2781M    0     0   333M  832 15.0  35 2.7  62   0   0   0 1.06 0.59 0.58
30-08 11:22:15 2727M    0     0   387M 37.0.005859375 37.0.0068359375  32 3.6  64   0   0   0 1.06 0.59 0.58
30-08 11:22:16 2750M    0     0   365M 37.0 36.0.0087890625  34 2.2  64   0   0   0 1.06 0.59 0.58
30-08 11:22:17 2722M    0     0   392M 40.0 40.0.0009765625  32 3.4  65   0   0   0 1.13 0.61 0.59
30-08 11:22:18 2720M    0     0   395M 53.0.0029296875 53.0.0029296875  26 2.6  71   0   0   0 1.13 0.61 0.59
30-08 11:22:19 2784M    0     0   331M  156  284  26 2.0  72   0   0   0 1.13 0.61 0.59
30-08 11:22:20 2751M    0     0   363M 72.0.00390625 72.0.001953125  26 2.3  71   0   0   0 1.13 0.61 0.59
30-08 11:22:21 2765M    0     0   349M 40.0.005859375 40.0.0048828125  26 2.7  71   0   0   0 1.13 0.61 0.59
30-08 11:22:22 2761M    0     0   354M 35.0.0078125 35.0.0078125  26 2.3  72   0   0   0 1.20 0.64 0.60
30-08 11:22:23 2734M    0     0   381M 66.0.005859375 66.0.0068359375  26 3.1  71   0   0   0 1.20 0.64 0.60
30-08 11:22:24 2820M    0     0   294M  780 14.0.0048828125  26 2.4  71   0   0   0 1.20 0.64 0.60
30-08 11:22:25 2729M    0     0   385M 70.0.0078125 70.0.0078125  25 3.6  71   0   0   0 1.20 0.64 0.60
30-08 11:22:26 2746M    0     0   369M 36.0.005859375 36.0.005859375  27 2.3  71   0   0   0 1.20 0.64 0.60
30-08 11:22:27 2796M    0     0   318M 52.0  100  26 2.6  71   0   0   0 1.35 0.68 0.61
30-08 11:22:28 2797M    0     0   317M  156  300  26 3.1  71   0   0   0 1.35 0.68 0.61
30-08 11:22:29 2786M    0     0   329M 53.0.0009765625 53.0  26 3.1  71   0   0   0 1.35 0.68 0.61
30-08 11:22:30 2812M    0     0   303M  104  200  23 3.6  73   0   0   0 1.35 0.68 0.61
30-08 11:22:31 2808M    0     0   307M  156  284  26 3.5  71   0   0   0 1.35 0.68 0.61
30-08 11:22:32 2805M    0     0   309M 47.0.0029296875 51.0.0009765625  26 3.6  70   0   0   0 1.48 0.71 0.62
30-08 11:22:33 2786M    0     0   329M 4840 1129  26 2.8  71   0   0   0 1.48 0.71 0.62
30-08 11:22:34 2805M    0     0   310M  572 9314  27 2.7  71   0   0   0 1.48 0.71 0.62
30-08 11:22:35 2780M    0     0   335M 51.0.0078125 51.0.0078125  27 3.2  70   0   0   0 1.48 0.71 0.62
30-08 11:22:36 2763M    0     0   352M 36.0.0029296875 36.0.001953125  27 2.5  71   0   0   0 1.48 0.71 0.62
30-08 11:22:37 2746M    0     0   368M 31.0.0009765625 31.0  27 2.9  70   0   0   0 1.60 0.75 0.63
30-08 11:22:38 2793M    0     0   321M    0   100  27 2.7  71   0   0   0 1.60 0.75 0.63
30-08 11:22:39 2798M    0     0   317M 26.0.0009765625 34.0.0087890625  26 3.4  71   0   0   0 1.60 0.75 0.63
30-08 11:22:40 2785M    0     0   329M 9.0.0966796875 1133  27 2.7  71   0   0   0 1.60 0.75 0.63
30-08 11:22:41 2809M    0     0   306M 52.0  184  27 2.7  71   0   0   0 1.60 0.75 0.63
30-08 11:22:42 2782M    0     0   332M 36.0.0009765625 36.0  27 2.8  71   0   0   0 1.71 0.79 0.65
30-08 11:22:43 2803M    0     0   311M 52.0  248  26 3.0  71   0   0   0 1.71 0.79 0.65
30-08 11:22:44 2824M    0     0   290M 36.0.005859375 43.0.00390625  35 3.8  61   0   0   0 1.71 0.79 0.65
30-08 11:22:45 2850M    0     0   264M 52.0  100  35 2.7  62   0   0   0 1.71 0.79 0.65
30-08 11:22:46 2817M    0     0   297M 41.0 40.0.0087890625  35 2.2  63   0   0   0 1.71 0.79 0.65
30-08 11:22:47 2861M    0     0   254M    0     0   33 2.8  64   0   0   0 1.81 0.83 0.66
30-08 11:22:48 2852M    0     0   262M 47.0.0029296875 50.0  30 3.3  66   0   0   0 1.81 0.83 0.66
30-08 11:22:49 2842M    0     0   273M 3652  924  34 3.0  63   0   0   0 1.81 0.83 0.66
30-08 11:22:50 2835M    0     0   280M 41.0.00390625 41.0.0029296875  26 3.2  71   0   0   0 1.81 0.83 0.66
30-08 11:22:51 2852M    0     0   263M 52.0  100  26 3.7  71   0   0   0 1.81 0.83 0.66
30-08 11:22:52 2830M    0     0   285M 35.0.0068359375 35.0.005859375  26 3.8  70   0   0   0 1.83 0.84 0.67
30-08 11:22:53 2859M    0     0   256M 52.0  100  27 2.7  70   0   0   0 1.83 0.84 0.67
30-08 11:22:54 2817M    0     0   297M 43.0.0048828125 43.0.00390625  26 3.5  70   0   0   0 1.83 0.84 0.67
30-08 11:22:55 2860M    0     0   254M  312 7193  27 2.4  71   0   0   0 1.83 0.84 0.67
30-08 11:22:56 2812M    0     0   302M 35.0.0029296875 35.0.0068359375  30 3.4  66   0   0   0 1.83 0.84 0.67
30-08 11:22:57 2855M    0     0   260M    0     0   27 2.9  70   0   0   0 1.84 0.86 0.67
30-08 11:22:58 2856M    0     0   258M  104  184  26 3.1  70   0   0   0 1.84 0.86 0.67
30-08 11:22:59 2856M    0     0   258M    0     0   24 4.1  71   0   0   0 1.84 0.86 0.67
30-08 11:23:00 2816M    0     0   299M 91.0.005859375 91.0.0087890625  26 3.8  71   0   0   0 1.84 0.86 0.67
30-08 11:23:01 2858M    0     0   256M    0     0   27 2.1  71   0   0   0 1.84 0.86 0.67
30-08 11:23:02 2812M    0     0   302M 34.0.0068359375 34.0.005859375  27 2.8  71   0   0   0 1.85 0.88 0.68
30-08 11:23:03 2854M    0     0   260M    0     0   27 3.0  70   0   0   0 1.85 0.88 0.68
30-08 11:23:04 2805M    0     0   310M 35.0.0078125 35.0.0078125  27 2.8  71   0   0   0 1.85 0.88 0.68
30-08 11:23:05 2852M    0     0   263M  312 6652  27 2.5  70   0   0   0 1.85 0.88 0.68
30-08 11:23:06 2855M    0     0   260M  156  300  25 3.6  71   0   0   0 1.85 0.88 0.68
30-08 11:23:07 2808M    0     0   307M 34.0.005859375 34.0.005859375  26 3.5  71   0   0   0 1.95 0.92 0.69
30-08 11:23:08 2852M    0     0   263M  386 1132  28 2.2  70   0   0   0 1.95 0.92 0.69
30-08 11:23:09 2886M    0     0   229M 36.0.005859375 36.0.005859375  29 3.1  68   0   0   0 1.95 0.92 0.69
30-08 11:23:10 2813M    0     0   301M  0.3046875  0.3056640625  25 3.6  71   0   0   0 1.95 0.92 0.69
30-08 11:23:11 2878M    0     0   236M 52.0  100  27 1.4  72   0   0   0 1.95 0.92 0.69
30-08 11:23:12 2807M    0     0   307M 71.0.0087890625 71.0.0078125  26 3.0  71   0   0   0 1.95 0.93 0.70
30-08 11:23:13 2876M    0     0   238M  104  200  27 1.9  71   0   0   0 1.95 0.93 0.70
30-08 11:23:14 2842M    0     0   273M 78.0.0048828125 78.0.0029296875  26 2.9  72   0   0   0 1.95 0.93 0.70
30-08 11:23:15 2844M    0     0   270M 31.0.0078125 44.0.005859375  26 2.7  71   0   0   0 1.95 0.93 0.70
30-08 11:23:16 2870M    0     0   244M 35.0.0078125 35.0.0068359375  26 2.4  71   0   0   0 1.95 0.93 0.70
30-08 11:23:17 2844M    0     0   271M 39.0.0078125 39.0.0087890625  25 3.0  72   0   0   0 1.95 0.95 0.71
30-08 11:23:18 2861M    0     0   254M 34.0.005859375 34.0.0048828125  27 2.0  71   0   0   0 1.95 0.95 0.71
30-08 11:23:19 2846M    0     0   269M 77.0.0029296875 77.0.00390625  25 3.6  71   0   0   0 1.95 0.95 0.71
30-08 11:23:20 2852M    0     0   263M 55.0.0068359375 55.0.0068359375  27 1.8  71   0   0   0 1.95 0.95 0.71
30-08 11:23:21 2773M    0     0   341M 90.0 89.0.0068359375  26 2.6  71   0   0   0 1.95 0.95 0.71
30-08 11:23:22 2870M    0     0   245M 52.0  100  26 2.4  71   0   0   0 1.96 0.97 0.71
30-08 11:23:23 2764M    0     0   350M 75.0.0068359375 76.0  25 3.6  71   0   0   0 1.96 0.97 0.71
30-08 11:23:24 2865M    0     0   250M 52.0  100  27 2.1  71   0   0   0 1.96 0.97 0.71
30-08 11:23:25 2864M    0     0   251M 32.0.001953125 44.0.0068359375  26 2.3  71   0   0   0 1.96 0.97 0.71
30-08 11:23:26 2843M    0     0   271M 74.0.0087890625 74.0.0068359375  27 2.3  71   0   0   0 1.96 0.97 0.71
30-08 11:23:27 2826M    0     0   288M 62.0.001953125 62.0.0009765625  26 2.3  71   0   0   0 1.96 0.99 0.72
30-08 11:23:28 2888M    0     0   227M  104  200  27 1.7  71   0   0   0 1.96 0.99 0.72
30-08 11:23:29 2846M    0     0   269M 49.0.0087890625 50.0  26 3.0  71   0   0   0 1.96 0.99 0.72
30-08 11:23:30 2823M    0     0   291M 39.0.0087890625 39.0.0078125  26 3.0  71   0   0   0 1.96 0.99 0.72
30-08 11:23:31 2826M    0     0   288M 43.0.0048828125 43.0.0029296875  26 2.3  72   0   0   0 1.96 0.99 0.72
30-08 11:23:32 2874M    0     0   240M  156  284  27 2.1  71   0   0   0 1.96 1.00 0.73
30-08 11:23:33 2848M    0     0   267M  0.09765625  0.09765625  25 3.3  72   0   0   0 1.96 1.00 0.73
30-08 11:23:34 2867M    0     0   248M 31.0.0029296875 31.0.0029296875  27 2.0  71   0   0   0 1.96 1.00 0.73
30-08 11:23:35 2856M    0     0   259M 46.0.005859375 59.0  26 2.8  71   0   0   0 1.96 1.00 0.73
30-08 11:23:36 2913M    0     0   202M 34.0.0068359375 34.0.0078125  32 3.1  65   0   0   0 1.96 1.00 0.73
30-08 11:23:37 2893M    0     0   221M 50.0.005859375 50.0.0048828125  32 2.9  65   0   0   0 2.05 1.04 0.74
30-08 11:23:38 2906M    0     0   208M 89.0.0078125 81.0.0078125  33 2.8  64   0   0   0 2.05 1.04 0.74
30-08 11:23:39 2890M    0     0   224M 37.0.00390625 37.0.0048828125  27 2.5  70   0   0   0 2.05 1.04 0.74
30-08 11:23:40 2895M    0     0   220M 41.0.0009765625 41.0.0009765625  32 2.7  65   0   0   0 2.05 1.04 0.74
30-08 11:23:41 2891M    0     0   224M 42.0.0009765625 42.0.0009765625  35 2.9  62   0   0   0 2.05 1.04 0.74
30-08 11:23:42 2930M    0     0   184M 35.0.0009765625 35.0  31 2.1  67   0   0   0 2.12 1.07 0.75
30-08 11:23:43 2935M    0     0   179M 40.0.0048828125 40.0.0048828125  33 2.7  64   0   0   0 2.12 1.07 0.75
30-08 11:23:44 2961M    0     0   154M 52.0  200  27 2.1  71   0   0   0 2.12 1.07 0.75
30-08 11:23:45 2921M    0     0   194M 40.0.0048828125 52.0.0068359375  26 3.4  71   0   0   0 2.12 1.07 0.75
30-08 11:23:46 2959M    0     0   155M    0     0   27 2.8  71   0   0   0 2.12 1.07 0.75
30-08 11:23:47 2948M    0     0   166M 40.0.00390625 40.0.0029296875  26 2.3  72   0   0   0 2.03 1.07 0.75
30-08 11:23:48 2968M    0     0   146M  156  284  26 3.1  70   0   0   0 2.03 1.07 0.75
30-08 11:23:49 2946M    0     0   168M 36.0.0078125 36.0.0078125  26 2.7  71   0   0   0 2.03 1.07 0.75
30-08 11:23:50 2961M    0     0   153M  156  284  26 2.6  71   0   0   0 2.03 1.07 0.75
30-08 11:23:51 2944M    0     0   170M 35.0.005859375 35.0.005859375  25 2.9  72   0   0   0 2.03 1.07 0.75
30-08 11:23:52 2935M    0     0   179M 35.0.0009765625 35.0.0009765625  26 2.6  72   0   0   0 2.11 1.10 0.76
30-08 11:23:53 2960M    0     0   154M 52.0  200  26 2.9  71   0   0   0 2.11 1.10 0.76
30-08 11:23:54 2920M    0     0   194M 39.0.0087890625 39.0.0078125  25 4.0  71   0   0   0 2.11 1.10 0.76
30-08 11:23:55 2963M    0     0   152M  416 7738  27 2.3   - 366   0   0 2.11 1.10 0.76
30-08 11:23:56 2911M    0     0   203M 41.0.0009765625 41.0  26 3.1 365   -   0   0 2.11 1.10 0.76
30-08 11:23:57 2957M    0     0   157M 52.0  100  27 2.4  71   0   0   0 2.18 1.13 0.77
30-08 11:23:58 2960M    0     0   155M  156  300  26 3.5  71   0   0   0 2.18 1.13 0.77
30-08 11:23:59 2948M    0     0   167M 44.0.0068359375 44.0.005859375  27 2.5  70   0   0   0 2.18 1.13 0.77
30-08 11:24:00 2967M    0     0   148M  208  400  26 3.3  71   0   0   0 2.18 1.13 0.77
30-08 11:24:01 2918M    0     0   197M  0.2265625  0.2265625  26 3.1  71   0   0   0 2.18 1.13 0.77
30-08 11:24:02 2962M    0     0   152M  104  200  26 2.3  71   0   0   0 2.17 1.14 0.78
30-08 11:24:03 2912M    0     0   202M 78.0.0029296875 78.0.001953125  26 3.0  71   0   0   0 2.17 1.14 0.78
30-08 11:24:04 2956M    0     0   158M  104  200  26 2.7  71   0   0   0 2.17 1.14 0.78
30-08 11:24:05 2900M    0     0   214M  0.1171875  0.1259765625  26 3.0  71   0   0   0 2.17 1.14 0.78
30-08 11:24:06 2960M    0     0   155M  156  284  27 1.4  72   0   0   0 2.17 1.14 0.78
30-08 11:24:07 2956M    0     0   158M 41.0.0029296875 41.0.00390625  30 2.8  67   0   0   0 2.23 1.17 0.79
30-08 11:24:08 2945M    0     0   170M 44.0.0068359375 44.0.0068359375  35 3.3  62   0   0   0 2.23 1.17 0.79
30-08 11:24:09 2931M    0     0   183M 39.0.0078125 39.0.0078125  31 2.4  67   0   0   0 2.23 1.17 0.79
30-08 11:24:10 2922M    0     0   193M 35.0.0029296875 35.0.0078125  32 2.2  65   0   0   0 2.23 1.17 0.79
30-08 11:24:11 2964M    0     0   150M 45.0.0087890625 45.0.0029296875  31 2.9  66   0   0   0 2.23 1.17 0.79
30-08 11:24:12 2957M    0     0   157M 42.0.0087890625 42.0.0087890625  34 2.4  64   0   0   0 2.29 1.20 0.80
30-08 11:24:13 2981M    0     0   133M 34.0.0048828125 34.0.0048828125  32 2.1  66   0   0   0 2.29 1.20 0.80
30-08 11:24:14 2998M    0     0   116M 39.0 42.0.005859375  26 3.0  71   0   0   0 2.29 1.20 0.80
30-08 11:24:15 2971M    0     0   144M 43.0.0078125 53.0.0029296875  27 2.3  71   0   0   0 2.29 1.20 0.80
30-08 11:24:16 2996M    0     0   118M  156  368  26 2.9  71   0   0   0 2.29 1.20 0.80
30-08 11:24:17 2979M    0     0   136M 54.0.005859375 54.0.0068359375  26 2.3  71   0   0   0 2.27 1.22 0.81
30-08 11:24:18 2990M    0     0   124M 34.0.005859375 34.0.005859375  26 2.7  71   0   0   0 2.27 1.22 0.81
30-08 11:24:19 2988M    0     0   127M 38.0.0068359375 38.0.0068359375  25 3.1  71   0   0   0 2.27 1.22 0.81
30-08 11:24:20 2985M    0     0   130M 35.0.0068359375 35.0.0068359375  26 2.4  71   0   0   0 2.27 1.22 0.81
30-08 11:24:21 2977M    0     0   137M 39.0.0087890625 39.0.0087890625  26 3.1  71   0   0   0 2.27 1.22 0.81
30-08 11:24:22 2988M    0     0   126M 48.0.005859375 48.0.0048828125  26 2.7  71   0   0   0 2.25 1.23 0.82
30-08 11:24:23 2932M    0     0   182M 83.0.0068359375 83.0.005859375  26 2.7  71   0   0   0 2.25 1.23 0.82
30-08 11:24:24 3008M    0     0   106M 52.0  200  27 1.7  71   0   0   0 2.25 1.23 0.82
30-08 11:24:25 2911M    0     0   203M 86.0.0029296875  0.09765625  25 3.3  71   0   0   0 2.25 1.23 0.82
30-08 11:24:26 2997M    0     0   117M 26.0.0009765625 30.0.0009765625  27 1.3  72   0   0   0 2.25 1.23 0.82
30-08 11:24:27 2942M    0     0   172M 41.0 36.0.0087890625  26 2.8  71   0   0   0 2.31 1.26 0.83
30-08 11:24:28 2994M    0     0   120M  156  284  26 2.4  72   0   0   0 2.31 1.26 0.83
30-08 11:24:29 2993M    0     0   121M 39.0.0087890625 39.0.0087890625  26 3.0  71   0   0   0 2.31 1.26 0.83
30-08 11:24:30 3000M    0     0   115M 60.0.0009765625 61.0  25 3.8  71   0   0   0 2.31 1.26 0.83
30-08 11:24:31 2964M    0     0   151M 56.0.0029296875 55.0.00390625  26 2.4  72   0   0   0 2.31 1.26 0.83
30-08 11:24:32 2988M    0     0   127M 39.0.00390625 39.0.00390625  26 3.0  71   0   0   0 2.36 1.29 0.84
30-08 11:24:33 2975M    0     0   139M 35.0.0078125 35.0.0068359375  26 2.4  71   0   0   0 2.36 1.29 0.84
30-08 11:24:34 2983M    0     0   132M 37.0.001953125 37.0.001953125  26 2.3  71   0   0   0 2.36 1.29 0.84
30-08 11:24:35 2966M    0     0   149M 41.0.0068359375 56.0  25 3.0  72   0   0   0 2.36 1.29 0.84
30-08 11:24:36 2985M    0     0   129M 34.0.0068359375 34.0.0068359375  26 2.4  72   0   0   0 2.36 1.29 0.84
30-08 11:24:37 3032M    0     0  82.2M 55.0.0078125 56.0.0048828125  27 2.5  71   0   0   0 2.33 1.30 0.85
30-08 11:24:38 3005M    0     0   110M 38.0.00390625 37.0.0068359375  28 2.8  69   0   0   0 2.33 1.30 0.85
30-08 11:24:39 3053M    0     0  61.5M  156  268  35 2.5  63   0   0   0 2.33 1.30 0.85
30-08 11:24:40 2997M    0     0   118M 84.0.0078125 84.0.0048828125  35 2.6  63   0   0   0 2.33 1.30 0.85
30-08 11:24:41 3020M    0     0  95.0M 47.0.001953125 47.0.00390625  33 2.2  65   0   0   0 2.33 1.30 0.85
30-08 11:24:42 3016M    0     0  98.8M 34.0.0068359375 34.0.0068359375  36 2.0  63   0   0   0 2.39 1.33 0.86
30-08 11:24:43 3005M    0     0   110M 34.0.0068359375 34.0.0068359375  30 3.0   - 349   0   0 2.39 1.33 0.86
30-08 11:24:44 3037M    0     0  77.9M 46.0.005859375 46.0.0048828125  28 1.0 369   -   0   0 2.39 1.33 0.86
30-08 11:24:45 2979M    0     0   136M 75.0.00390625 88.0.005859375  26 3.0  71   0   0   0 2.39 1.33 0.86
30-08 11:24:46 3012M    0     0   102M 31.0.0009765625 31.0.0009765625  27 1.7  71   0   0   0 2.39 1.33 0.86
30-08 11:24:47 3000M    0     0   115M 35.0.0078125 35.0.0087890625  26 3.0  71   0   0   0 2.36 1.34 0.86
30-08 11:24:48 2997M    0     0   118M 46.0 46.0  26 2.6  71   0   0   0 2.36 1.34 0.86
30-08 11:24:49 3045M    0     0  69.1M  156  284  26 2.1  71   0   0   0 2.36 1.34 0.86
30-08 11:24:50 3022M    0     0  92.3M 78.0.00390625 78.0.0029296875  26 2.7  71   0   0   0 2.36 1.34 0.86
30-08 11:24:51 3025M    0     0  89.6M 50.0.0009765625 50.0.0009765625  26 2.7  71   0   0   0 2.36 1.34 0.86
30-08 11:24:52 3045M    0     0  69.8M 36.0.0009765625 36.0.0009765625  26 2.1  71   0   0   0 2.33 1.35 0.87
30-08 11:24:53 2986M    0     0   128M 84.0.0078125 84.0.0068359375  26 2.7  71   0   0   0 2.33 1.35 0.87
30-08 11:24:54 3059M    0     0  55.1M  104  200  27 2.0  71   0   0   0 2.33 1.35 0.87
30-08 11:24:55 3011M    0     0   104M 37.0 49.0.0048828125  25 3.3  71   0   0   0 2.33 1.35 0.87
30-08 11:24:56 3031M    0     0  83.7M 34.0.0078125 34.0.0068359375  26 2.2  72   0   0   0 2.33 1.35 0.87
30-08 11:24:57 2952M    0     0   162M 86.0.001953125 86.0  25 3.6  72   0   0   0 2.30 1.36 0.87
30-08 11:24:58 3045M    0     0  69.4M 52.0  100  27 1.1  71   0   0   0 2.30 1.36 0.87
30-08 11:24:59 2983M    0     0   131M 73.0.005859375 73.0.0048828125  26 2.6  72   0   0   0 2.30 1.36 0.87
30-08 11:25:00 3024M    0     0  90.2M 41.0.0068359375 41.0.005859375  27 1.7  72   0   0   0 2.30 1.36 0.87
30-08 11:25:01 2998M    0     0   116M 36.0.0087890625 37.0.0009765625  26 2.3  71   0   0   0 2.30 1.36 0.87
30-08 11:25:02 3049M    0     0  66.1M  819  871  26 2.7  71   0   0   0 2.28 1.37 0.88
30-08 11:25:03 3041M    0     0  73.2M 37.0 37.0  25 3.2  72   0   0   0 2.28 1.37 0.88
30-08 11:25:04 3041M    0     0  73.9M 36.0.0009765625 36.0.0009765625  26 2.4  71   0   0   0 2.28 1.37 0.88
30-08 11:25:05 3036M    0     0  79.0M 2300 16.0.0068359375  25 4.1  71   0   0   0 2.28 1.37 0.88
30-08 11:25:06 2995M    0     0   120M  0.1201171875  0.1201171875  26 2.6  71   0   0   0 2.28 1.37 0.88
30-08 11:25:07 3010M    0     0   104M 1677 1691  27 2.1  71   0   0   0 2.25 1.38 0.89
30-08 11:25:08 3052M    0     0  63.0M  156  284  25 3.1  71   0   0   0 2.25 1.38 0.89
30-08 11:25:09 2990M    0     0   124M 74.0.0087890625 74.0.0068359375  26 2.4  71   0   0   0 2.25 1.38 0.89
30-08 11:25:10 3070M    0     0  44.5M 1677 1739  37 1.6  62   0   0   0 2.25 1.38 0.89
30-08 11:25:11 3040M    0     0  74.5M 3198 3082  34 2.2  64   0   0   0 2.25 1.38 0.89
30-08 11:25:12 3084M    0     0  30.7M 35.0.00390625 35.0.00390625  33 1.8  65   0   0   0 2.31 1.41 0.90
30-08 11:25:13 3061M    0     0  53.8M 3198 3082  32 2.1   - 342   0   0 2.31 1.41 0.90
30-08 11:25:14 3070M    0     0  44.4M 1625 1591  24 1.8   0  74   0   0 2.31 1.41 0.90
30-08 11:25:15 3111M    0     0  3.37890625  624 11.0.00390625  26 4.4   0  69   0   0 2.31 1.41 0.90
30-08 11:25:16 3110M    0     0  4.99609375 1625 1591  25 3.6 368   -   0   0 2.31 1.41 0.90
30-08 11:25:17 3115M    0     0     0   0.1103515625  0.111328125  35 2.1  62   0   0   0 2.37 1.43 0.91
30-08 11:25:18 3115M    0     0     0  9554 9356  35 2.6  63   0   0   0 2.37 1.43 0.91
30-08 11:25:19 3109M    0     0  5.97265625 14.0.0009765625 13.0.0068359375  35 2.6  62   0   0   0 2.37 1.43 0.91
30-08 11:25:20 3074M    0     0  40.7M 21.0.0087890625 21.0.00390625  36 1.6  63   0   0   0 2.37 1.43 0.91
30-08 11:25:21 3077M    0     0  37.9M 20.0.005859375 20.0.001953125  33 3.1  64   0   0   0 2.37 1.43 0.91
30-08 11:25:22 3102M    0     0  12.1M 15.0.0087890625 15.0.005859375  31 3.5  65   0   0   0 2.34 1.44 0.91
30-08 11:25:23 3076M    0     0  38.9M  0.1298828125  0.125  25 3.2  72   0   0   0 2.34 1.44 0.91
30-08 11:25:24 3096M    0     0  18.6M 17.0.00390625 17.0  26 2.3  72   0   0   0 2.34 1.44 0.91
30-08 11:25:25 3108M    0     0  7.02734375 24.0.0029296875  0.177734375  26 3.1  71   0   0   0 2.34 1.44 0.91
30-08 11:25:26 3102M    0     0  12.5M 17.0 16.0.005859375  25 3.7  71   0   0   0 2.34 1.44 0.91
30-08 11:25:27 3109M    0     0  5.08984375 18.0.0087890625 18.0.00390625  26 3.0  71   0   0   0 2.31 1.45 0.92
30-08 11:25:28 3113M    0     0  1.35546875 20.0.0029296875 19.0.0078125  26 2.6  72   0   0   0 2.31 1.45 0.92
30-08 11:25:29 3115M    0     0     0  20.0.0029296875 19.0.0078125  25 3.1  72   0   0   0 2.31 1.45 0.92
30-08 11:25:30 3115M    0     0     0  20.0.0029296875 19.0.0078125  26 2.7  71   0   0   0 2.31 1.45 0.92
30-08 11:25:31 3077M    0     0  37.5M 26.0.0087890625 26.0.0068359375  25 3.4  71   0   0   0 2.31 1.45 0.92
30-08 11:25:32 2905M    0     0   210M  876 1144  16 2.1  82   0   0   0 2.21 1.44 0.92
30-08 11:25:33 2913M    0     0   202M  156  300  15 1.2  84   0   0   0 2.21 1.44 0.92
30-08 11:25:34 2893M    0     0   221M 1521 1519  15 1.8  83   0   0   0 2.21 1.44 0.92
30-08 11:25:35 2912M    0     0   203M 3900  0.16015625  15 1.2  84   0   0   0 2.21 1.44 0.92
30-08 11:25:36 2870M    0     0   244M 1643 1753  17 1.8  82   0   0   0 2.21 1.44 0.92
30-08 11:25:37 2922M    0     0   192M 52.0  100  16 1.0  83   0   0   0 2.11 1.44 0.92
30-08 11:25:38 2932M    0     0   183M  156  300  15 1.5  84   0   0   0 2.11 1.44 0.92
30-08 11:25:39 2911M    0     0   204M 1521 1519  15 1.7  83   0   0   0 2.11 1.44 0.92
30-08 11:25:40 2977M    0     0   137M  928 1400  23 1.7  76   0   0   0 2.11 1.44 0.92
30-08 11:25:41 2931M    0     0   183M 2341 2651  27 2.3  71   0   0   0 2.11 1.44 0.92
30-08 11:25:42 2980M    0     0   135M 52.0  100  26 1.0  73   0   0   0 2.10 1.45 0.93
30-08 11:25:43 2957M    0     0   158M 1555 1617  27 2.1  71   0   0   0 2.10 1.45 0.93
30-08 11:25:44 3004M    0     0   111M 52.0  100  27 1.0  72   0   0   0 2.10 1.45 0.93
30-08 11:25:45 2960M    0     0   155M 1917 9203  26 2.0   - 372   0   0 2.10 1.45 0.93
30-08 11:25:46 3004M    0     0   111M 52.0  100  27 1.4 370   -   0   0 2.10 1.45 0.93
30-08 11:25:47 2960M    0     0   154M 1555 1617  23 1.7  76   0   0   0 2.01 1.44 0.93
30-08 11:25:48 3003M    0     0   111M 52.0  100  16 1.2  83   0   0   0 2.01 1.44 0.93
30-08 11:25:49 3005M    0     0   110M  292  468  15 2.0  83   0   0   0 2.01 1.44 0.93
30-08 11:25:50 2988M    0     0   127M 1469 1435  15 1.3  83   0   0   0 2.01 1.44 0.93
30-08 11:25:51 3005M    0     0   110M  156  284  15 1.5  83   0   0   0 2.01 1.44 0.93
30-08 11:25:52 2974M    0     0   141M 1519 1517  14 2.5  83   0   0   0 1.93 1.43 0.93
30-08 11:25:53 3007M    0     0   108M  104  200  15 1.7  83   0   0   0 1.93 1.43 0.93
30-08 11:25:54 2977M    0     0   138M 1501 1499  14 2.5  83   0   0   0 1.93 1.43 0.93
30-08 11:25:55 3011M    0     0   103M  468 8900  16 0.7  84   0   0   0 1.93 1.43 0.93
30-08 11:25:56 3004M    0     0   111M  156  300  16 1.2  83   0   0   0 1.93 1.43 0.93
30-08 11:25:57 2983M    0     0   132M 1521 1519  15 1.5  83   0   0   0 1.86 1.42 0.93
30-08 11:25:58 3002M    0     0   113M  104  200  15 1.5  84   0   0   0 1.86 1.42 0.93
30-08 11:25:59 2957M    0     0   158M 1572 1602  15 2.0  83   0   0   0 1.86 1.42 0.93
30-08 11:26:00 3002M    0     0   113M  104  200  16 0.8  84   0   0   0 1.86 1.42 0.93
30-08 11:26:01 2960M    0     0   155M 1555 1617  16 1.3  83   0   0   0 1.86 1.42 0.93
30-08 11:26:02 3005M    0     0   109M 52.0  100  15 1.2  84   0   0   0 1.79 1.42 0.93
30-08 11:26:03 3009M    0     0   106M  208  384  14 2.5  83   0   0   0 1.79 1.42 0.93
30-08 11:26:04 2989M    0     0   126M 1487 1453  15 1.3  83   0   0   0 1.79 1.42 0.93
30-08 11:26:05 3005M    0     0   110M  468 7624  15 1.3  84   0   0   0 1.79 1.42 0.93
30-08 11:26:06 2972M    0     0   142M 1538 1536  15 1.8  83   0   0   0 1.79 1.42 0.93
30-08 11:26:07 3004M    0     0   111M  104  184  15 1.2  84   0   0   0 1.72 1.41 0.93
30-08 11:26:08 2945M    0     0   169M 1573 1619  15 1.2  83   0   0   0 1.72 1.41 0.93
30-08 11:26:09 2997M    0     0   118M 52.0  100  16 0.8  83   0   0   0 1.72 1.41 0.93
30-08 11:26:10 2949M    0     0   165M 1556 1618  15 2.3  83   0   0   0 1.72 1.41 0.93
30-08 11:26:11 3034M    0     0  81.0M  104  264  20 0.9  79   0   0   0 1.72 1.41 0.93
30-08 11:26:12 3041M    0     0  73.8M  104  300  26 2.3  72   0   0   0 1.75 1.42 0.93
30-08 11:26:13 3029M    0     0  85.9M 1521 1519  26 1.7  72   0   0   0 1.75 1.42 0.93
30-08 11:26:14 3029M    0     0  85.9M 1663 1629  27 1.3  71   0   0   0 1.75 1.42 0.93
30-08 11:26:15 3007M    0     0   108M 2027 9651  26 1.4  72   0   0   0 1.75 1.42 0.93
30-08 11:26:16 3053M    0     0  62.0M 52.0  100  27 1.0  72   0   0   0 1.75 1.42 0.93
30-08 11:26:17 3049M    0     0  66.0M 1663 1629  23 0.9  76   0   0   0 1.69 1.41 0.93
30-08 11:26:18 3041M    0     0  73.9M 1663 1629  15 1.3  83   0   0   0 1.69 1.41 0.93
30-08 11:26:19 3066M    0     0  48.9M 52.0  100  16 0.7  83   0   0   0 1.69 1.41 0.93
30-08 11:26:20 3048M    0     0  66.8M 1663 1629  16 0.7  83   0   0   0 1.69 1.41 0.93
30-08 11:26:21 3040M    0     0  74.8M 1663 1629  15 1.5  83   0   0   0 1.69 1.41 0.93
30-08 11:26:22 3025M    0     0  89.4M 1663 1629  16 0.8  83   0   0   0 1.63 1.40 0.93
30-08 11:26:23 3010M    0     0   104M 1662 1628  15 1.3  84   0   0   0 1.63 1.40 0.93
30-08 11:26:24 3060M    0     0  54.9M 52.0  100  16 1.0  83   0   0   0 1.63 1.40 0.93
30-08 11:26:25 3051M    0     0  63.8M 1972 6727  16 0.7  83   0   0   0 1.63 1.40 0.93
30-08 11:26:26 3068M    0     0  46.3M 52.0  100  16 0.3  83   0   0   0 1.63 1.40 0.93
30-08 11:26:27 3049M    0     0  65.3M 1660 1626  15 1.3  83   0   0   0 1.58 1.40 0.93
30-08 11:26:28 3043M    0     0  71.5M 1658 1624  15 1.3  83   0   0   0 1.58 1.40 0.93
30-08 11:26:29 3031M    0     0  83.2M 1743 1709  16 1.0  83   0   0   0 1.58 1.40 0.93
30-08 11:26:30 3018M    0     0  96.7M 1660 1626  15 1.7  83   0   0   0 1.58 1.40 0.93
30-08 11:26:31 3062M    0     0  52.1M  104  669  16 1.0  83   0   0   0 1.58 1.40 0.93
30-08 11:26:32 3056M    0     0  59.0M 1609 1058  16 0.7  83   0   0   0 1.53 1.39 0.93
30-08 11:26:33 3050M    0     0  64.7M 1659 1625  15 1.3  83   0   0   0 1.53 1.39 0.93
30-08 11:26:34 3045M    0     0  69.3M 1663 1629  16 1.2  83   0   0   0 1.53 1.39 0.93
30-08 11:26:35 3032M    0     0  82.2M 1869 6014  15 1.7  83   0   0   0 1.53 1.39 0.93
30-08 11:26:36 3016M    0     0  98.7M 1659 1609  16 1.0  83   0   0   0 1.53 1.39 0.93
30-08 11:26:37 3063M    0     0  51.9M 52.0  100  15 1.3   - 433   0   0 1.49 1.38 0.93
30-08 11:26:38 3053M    0     0  61.8M 1663 1529  16 0.7 432   -   0   0 1.49 1.38 0.93
30-08 11:26:39 3049M    0     0  65.8M 1663 1629  15 1.5  83   0   0   0 1.49 1.38 0.93
30-08 11:26:40 3042M    0     0  72.3M 2435 2665  16 1.2  83   0   0   0 1.49 1.38 0.93
30-08 11:26:41 3027M    0     0  87.3M 1662 1728  15 1.2  84   0   0   0 1.49 1.38 0.93
30-08 11:26:42 3015M    0     0  99.6M 1660 1526  16 1.2  83   0   0   0 1.45 1.38 0.93
30-08 11:26:43 3100M    0     0  14.8M  104  264  28 1.0  71   0   0   0 1.45 1.38 0.93
30-08 11:26:44 3092M    0     0  22.2M 1663 1629  28 1.0  71   0   0   0 1.45 1.38 0.93
30-08 11:26:45 3098M    0     0  16.8M 1923 6673  26 1.7  73   0   0   0 1.45 1.38 0.93
30-08 11:26:46 3102M    0     0  12.5M 2311 2277  25 1.5  73   0   0   0 1.45 1.38 0.93
30-08 11:26:47 3098M    0     0  16.7M 2311 2277  24 1.3   - 385   0   0 1.49 1.39 0.94
30-08 11:26:48 3093M    0     0  22.0M 2311 2277  21 1.2 404   -   0   0 1.49 1.39 0.94
30-08 11:26:49 3090M    0     0  24.8M 2311 2277  27 1.0  72   0   0   0 1.49 1.39 0.94
30-08 11:26:50 3083M    0     0  31.6M 2304 2270  20 1.3  78   0   0   0 1.49 1.39 0.94
30-08 11:26:51 3078M    0     0  36.9M 2311 2277  16 1.2  83   0   0   0 1.49 1.39 0.94
30-08 11:26:52 3072M    0     0  43.0M 2311 2277  16 1.0  83   0   0   0 1.45 1.38 0.94
30-08 11:26:53 3115M    0     0     0   104 1317  16 1.0  83   0   0   0 1.45 1.38 0.94
30-08 11:26:54 3115M    0     0     0  2259 1060  16 1.0  83   0   0   0 1.45 1.38 0.94
30-08 11:26:55 3114M    0     0   0.45703125 2987 17.0.0029296875  15 1.3  84   0   0   0 1.45 1.38 0.94
30-08 11:26:56 3112M    0     0  2.53515625 2311 2277  15 1.7  83   0   0   0 1.45 1.38 0.94
30-08 11:26:57 3110M    0     0  4.08203125 2311 2277  15 1.3  83   0   0   0 1.42 1.37 0.94
30-08 11:26:58 3108M    0     0  6.2578125 2311 2277  16 1.0  83   0   0   0 1.42 1.37 0.94
30-08 11:26:59 3105M    0     0  9.7421875 2311 2277  15 1.3  83   0   0   0 1.42 1.37 0.94
30-08 11:27:00 3100M    0     0  14.7M 2362 2376  15 1.3  83   0   0   0 1.42 1.37 0.94
30-08 11:27:01 3094M    0     0  20.3M 2311 2277  16 1.0  83   0   0   0 1.42 1.37 0.94
30-08 11:27:02 3088M    0     0  26.2M 2311 2277  15 1.2  83   0   0   0 1.38 1.37 0.94
30-08 11:27:03 3083M    0     0  31.8M 2311 2261  16 1.0  83   0   0   0 1.38 1.37 0.94
30-08 11:27:04 3078M    0     0  37.0M 2311 2277  16 1.2  83   0   0   0 1.38 1.37 0.94
30-08 11:27:05 3070M    0     0  44.2M 2935 16.0.0068359375  15 1.5  83   0   0   0 1.38 1.37 0.94
30-08 11:27:06 3115M    0     0     0  52.0  100  16 0.8  83   0   0   0 1.38 1.37 0.94
30-08 11:27:07 3115M    0     0     0  2310 2276  16 1.2  83   0   0   0 1.35 1.36 0.94
30-08 11:27:08 3114M    0     0   0.56640625 2309 2275  16 1.0  83   0   0   0 1.35 1.36 0.94
30-08 11:27:09 3112M    0     0  2.2421875 2311 2277  16 1.2  83   0   0   0 1.35 1.36 0.94
30-08 11:27:10 3111M    0     0  3.7890625 2311 2277  16 1.0  83   0   0   0 1.35 1.36 0.94
30-08 11:27:11 3108M    0     0  6.3515625 2311 2277  16 1.0  83   0   0   0 1.35 1.36 0.94
30-08 11:27:12 3105M    0     0  9.84M 2310 2276  16 0.8  83   0   0   0 1.32 1.35 0.94
30-08 11:27:13 3099M    0     0  15.7M 2311 2277  16 0.8  83   0   0   0 1.32 1.35 0.94
30-08 11:27:14 3107M    0     0  7.4609375 15.0.00390625 15.0.001953125  25 2.2  73   0   0   0 1.32 1.35 0.94
30-08 11:27:15 2878M    0     0   237M 3148 36.0.0009765625  19 1.1  79   0   0   0 1.32 1.35 0.94
30-08 11:27:16 2901M    0     0   214M 52.0  100  16 0.3  83   0   0   0 1.32 1.35 0.94
30-08 11:27:17 2905M    0     0   209M 52.0  100  17 0.2  83   0   0   0 1.30 1.35 0.94
30-08 11:27:18 2906M    0     0   209M 52.0  100  17 0.2  83   0   0   0 1.30 1.35 0.94
30-08 11:27:19 2906M    0     0   209M 52.0  100  17   0  83   0   0   0 1.30 1.35 0.94
30-08 11:27:20 2906M    0     0   209M 52.0  100 3.3 0.2  97   0   0   0 1.30 1.35 0.94
30-08 11:27:21 2906M    0     0   209M 52.0  100   0   0 100   0   0   0 1.30 1.35 0.94
30-08 11:27:22 2906M    0     0   209M 52.0  100   0   0 100   0   0   0 1.19 1.33 0.93
30-08 11:27:23 2906M    0     0   209M  824 1152   0 0.2 100   0   0   0 1.19 1.33 0.93
30-08 11:27:24 2906M    0     0   209M 52.0  100   0   0 100   0   0   0 1.19 1.33 0.93
30-08 11:27:25 2906M    0     0   209M 52.0  100   0   0 100   0   0   0 1.19 1.33 0.93
30-08 11:27:26 2906M    0     0   209M 52.0  100 0.2   0 100   0   0   0 1.19 1.33 0.93
30-08 11:27:27 2906M    0     0   209M 52.0  100   0   0 100   0   0   0 1.10 1.30 0.93
30-08 11:27:28 2906M    0     0   209M 52.0  100   0   0 100   0   0   0 1.10 1.30 0.93
30-08 11:27:29 2906M    0     0   209M 52.0  100   0   0 100   0   0   0 1.10 1.30 0.93
30-08 11:27:30 2906M    0     0   209M 52.0  100   0   0 100   0   0   0 1.10 1.30 0.93
30-08 11:27:31 2906M    0     0   209M 52.0  100   0   0 100   0   0   0 1.10 1.30 0.93
30-08 11:27:32 2906M    0     0   209M 52.0  100   0 0.2 100   0   0   0 1.01 1.28 0.92
30-08 11:27:33 2906M    0     0   209M 52.0  100   0 0.2 100   0   0   0 1.01 1.28 0.92
30-08 11:27:34 2906M    0     0   209M 52.0  100   0   0 100   0   0   0 1.01 1.28 0.92
30-08 11:27:35 2906M    0     0   209M 52.0  100   0   0 100   0   0   0 1.01 1.28 0.92
30-08 11:27:36 2906M    0     0   209M 52.0  100 0.2   0 100   0   0   0 1.01 1.28 0.92
30-08 11:27:37 2906M    0     0   209M 52.0  100   0   0 100   0   0   0 0.93 1.26 0.91
30-08 11:27:38 2906M    0     0   209M 52.0  100   0   0 100   0   0   0 0.93 1.26 0.91
30-08 11:27:39 2906M    0     0   209M 52.0  100 0.2   0 100   0   0   0 0.93 1.26 0.91
30-08 11:27:40 2906M    0     0   209M  824 1136 0.2 0.2 100   0   0   0 0.93 1.26 0.91
30-08 11:27:41 2906M    0     0   209M 52.0  100   0 0.2 100   0   0   0 0.93 1.26 0.91
30-08 11:27:42 2906M    0     0   209M 52.0  100   0   0 100   0   0   0 0.85 1.24 0.91
30-08 11:27:43 2906M    0     0   209M 52.0  100 0.2   0 100   0   0   0 0.85 1.24 0.91
30-08 11:27:44 2906M    0     0   209M 52.0  100   0 0.2 100   0   0   0 0.85 1.24 0.91
30-08 11:27:45 2950M    0     0   165M  104  248  11 0.7  89   0   0   0 0.85 1.24 0.91
30-08 11:27:46 2950M    0     0   165M 52.0  100  17 0.2  83   0   0   0 0.85 1.24 0.91
30-08 11:27:47 2954M    0     0   160M 52.0  100  17 0.3   - 428   0   0 0.87 1.23 0.91
30-08 11:27:48 2956M    0     0   159M 52.0  100  15 0.3 437   -   0   0 0.87 1.23 0.91
30-08 11:27:49 2956M    0     0   159M 52.0  100  13   0  87   0   0   0 0.87 1.23 0.91
30-08 11:27:50 2956M    0     0   159M 52.0  100   0 0.2 100   0   0   0 0.87 1.23 0.91
30-08 11:27:51 2956M    0     0   159M 52.0  100 0.2   0 100   0   0   0 0.87 1.23 0.91
30-08 11:27:52 2956M    0     0   159M 52.0  100   0   0 100   0   0   0 0.80 1.21 0.90
30-08 11:27:53 2956M    0     0   159M 52.0  100   0 0.2 100   0   0   0 0.80 1.21 0.90
30-08 11:27:54 2956M    0     0   159M 52.0  100   0   0 100   0   0   0 0.80 1.21 0.90
30-08 11:27:55 2956M    0     0   159M 52.0  100   0   0 100   0   0   0 0.80 1.21 0.90
30-08 11:27:56 2956M    0     0   159M  824 1204 6.3 0.7  93   0   0   0 0.80 1.21 0.90
30-08 11:27:57 2956M    0     0   159M 52.0  100   0   0 100   0   0   0 0.73 1.19 0.90
30-08 11:27:58 2956M    0     0   159M 52.0  100   0   0 100   0   0   0 0.73 1.19 0.90
30-08 11:27:59 2956M    0     0   159M 52.0  100   0   0 100   0   0   0 0.73 1.19 0.90
30-08 11:28:00 2956M    0     0   159M  104  200 0.2 0.2 100   0   0   0 0.73 1.19 0.90
30-08 11:28:01 2956M    0     0   159M 52.0  100   0   0 100   0   0   0 0.73 1.19 0.90
30-08 11:28:02 2956M    0     0   159M 52.0  100   0   0 100   0   0   0 0.67 1.17 0.89
30-08 11:28:03 2956M    0     0   159M    0     0    0   0 100   0   0   0 0.67 1.17 0.89
30-08 11:28:04 2956M    0     0   159M 52.0  100 0.2 0.2 100   0   0   0 0.67 1.17 0.89
30-08 11:28:05 2956M    0     0   159M 52.0  100   0   0 100   0   0   0 0.67 1.17 0.89
30-08 11:28:06 2956M    0     0   159M 52.0 84.0   0   0 100   0   0   0 0.67 1.17 0.89
30-08 11:28:07 2956M    0     0   159M 52.0  100   0 0.2 100   0   0   0 0.62 1.15 0.89
30-08 11:28:08 2956M    0     0   159M  386 1132   0   0 100   0   0   0 0.62 1.15 0.89
30-08 11:28:09 2956M    0     0   159M 52.0  100   0 0.2 100   0   0   0 0.62 1.15 0.89
30-08 11:28:10 2956M    0     0   159M 52.0  100   0   0 100   0   0   0 0.62 1.15 0.89
30-08 11:28:11 2956M    0     0   159M 52.0 84.0 0.2   0 100   0   0   0 0.62 1.15 0.89
30-08 11:28:12 2956M    0     0   159M 52.0  148   0   0 100   0   0   0 0.57 1.13 0.88
30-08 11:28:13 2956M    0     0   159M 52.0  100 0.2   0 100   0   0   0 0.57 1.13 0.88
30-08 11:28:14 2956M    0     0   159M 52.0  100   0   0 100   0   0   0 0.57 1.13 0.88
30-08 11:28:15 2956M    0     0   159M 52.0  100   0   0 100   0   0   0 0.57 1.13 0.88
30-08 11:28:16 3001M    0     0   113M  104  232 6.7 0.7  93   0   0   0 0.57 1.13 0.88
30-08 11:28:17 3003M    0     0   112M 52.0  100  16 0.7  83   0   0   0 0.60 1.13 0.88
30-08 11:28:18 3004M    0     0   111M 52.0  100  15 0.3  84   0   0   0 0.60 1.13 0.88
30-08 11:28:19 3004M    0     0   111M 52.0  100 1.2   0  99   0   0   0 0.60 1.13 0.88
30-08 11:28:20 3004M    0     0   111M 52.0  100   0 0.2 100   0   0   0 0.60 1.13 0.88
30-08 11:28:21 3004M    0     0   111M 52.0  100   0   0 100   0   0   0 0.60 1.13 0.88
30-08 11:28:22 3004M    0     0   111M 52.0  100   0   0 100   0   0   0 0.56 1.11 0.88
30-08 11:28:23 3004M    0     0   111M  892 1297 0.2 0.2 100   0   0   0 0.56 1.11 0.88
30-08 11:28:24 3004M    0     0   111M 52.0  100   0   0 100   0   0   0 0.56 1.11 0.88
30-08 11:28:25 3004M    0     0   111M 52.0  116 0.2 0.4  99   0   0   0 0.56 1.11 0.88
30-08 11:28:26 3004M    0     0   111M 52.0  100   0   0 100   0   0   0 0.56 1.11 0.88
30-08 11:28:27 3004M    0     0   111M 52.0  100   0   0 100   0   0   0 0.56 1.11 0.88
30-08 11:28:28 3004M    0     0   111M 52.0  100   0 0.2 100   0   0   0 0.51 1.09 0.87
30-08 11:28:29 3004M    0     0   111M 52.0  100 0.2   0 100   0   0   0 0.51 1.09 0.87
30-08 11:28:30 3004M    0     0   111M 52.0  100   0 0.2 100   0   0   0 0.51 1.09 0.87
30-08 11:28:31 3004M    0     0   111M 52.0  100   0   0 100   0   0   0 0.51 1.09 0.87
30-08 11:28:32 3004M    0     0   111M    0     0    0   0 100   0   0   0 0.51 1.09 0.87
30-08 11:28:33 3004M    0     0   111M    0     0    0 0.2 100   0   0   0 0.47 1.08 0.87
30-08 11:28:34 3004M    0     0   111M    0     0    0   0 100   0   0   0 0.47 1.08 0.87
30-08 11:28:35 3004M    0     0   111M    0     0    0   0 100   0   0   0 0.47 1.08 0.87
30-08 11:28:36 3004M    0     0   111M    0     0    0   0 100   0   0   0 0.47 1.08 0.87
30-08 11:28:37 3004M    0     0   111M 84.0 52.0   0 0.2 100   0   0   0 0.47 1.08 0.87
30-08 11:28:38 3004M    0     0   110M  136 1304   0   0 100   0   0   0 0.43 1.06 0.87
30-08 11:28:39 3004M    0     0   111M 84.0 52.0   0   0 100   0   0   0 0.43 1.06 0.87
30-08 11:28:40 3004M    0     0   111M  908 1268 0.2   0 100   0   0   0 0.43 1.06 0.87
30-08 11:28:41 3004M    0     0   111M 84.0 52.0   0   0 100   0   0   0 0.43 1.06 0.87
30-08 11:28:42 3004M    0     0   111M  324  896   0   0 100   0   0   0 0.43 1.06 0.87
30-08 11:28:43 3004M    0     0   111M  272  264   0 0.4 100   0   0   0 0.40 1.04 0.86
30-08 11:28:44 3004M    0     0   111M    0     0    0   0 100   0   0   0 0.40 1.04 0.86
30-08 11:28:45 3004M    0     0   111M    0     0    0   0 100   0   0   0 0.40 1.04 0.86
30-08 11:28:46 3004M    0     0   111M    0     0  0.2   0 100   0   0   0 0.40 1.04 0.86
30-08 11:28:47 3050M    0     0  64.6M    0     0  4.0 0.4  96   0   0   0 0.40 1.04 0.86
30-08 11:28:48 3051M    0     0  63.4M  376  824  17 0.3  83   0   0   0 0.44 1.04 0.86
30-08 11:28:49 3051M    0     0  63.1M    0     0  4.7 0.4  95   0   0   0 0.44 1.04 0.86
30-08 11:28:50 3051M    0     0  63.1M  220  380   0   0 100   0   0   0 0.44 1.04 0.86
30-08 11:28:51 3051M    0     0  63.1M  136  100   0   0 100   0   0   0 0.44 1.04 0.86
30-08 11:28:52 3051M    0     0  63.1M  408  252 0.2   0 100   0   0   0 0.44 1.04 0.86
30-08 11:28:53 3051M    0     0  63.1M    0     0    0   0 100   0   0   0 0.41 1.02 0.86
30-08 11:28:54 3051M    0     0  63.1M    0     0    0 0.2 100   0   0   0 0.41 1.02 0.86
30-08 11:28:55 3051M    0     0  63.1M    0     0    0 0.2 100   0   0   0 0.41 1.02 0.86
30-08 11:28:56 3051M    0     0  63.1M    0     0    0   0 100   0   0   0 0.41 1.02 0.86
30-08 11:28:57 3051M    0     0  63.1M    0     0    0   0 100   0   0   0 0.41 1.02 0.86
30-08 11:28:58 3051M    0     0  63.1M 84.0 52.0   0   0 100   0   0   0 0.38 1.00 0.85
30-08 11:28:59 3051M    0     0  63.1M 84.0  216   0   0 100   0   0   0 0.38 1.00 0.85
30-08 11:29:00 3051M    0     0  63.1M  188  152   0   0 100   0   0   0 0.38 1.00 0.85
30-08 11:29:01 3051M    0     0  63.1M    0     0    0   0 100   0   0   0 0.38 1.00 0.85
30-08 11:29:02 3051M    0     0  63.1M  136  152   0   0 100   0   0   0 0.38 1.00 0.85
30-08 11:29:03 3051M    0     0  63.1M  136  100   0   0 100   0   0   0 0.35 0.99 0.85
30-08 11:29:04 3051M    0     0  63.1M 84.0 52.0   0   0 100   0   0   0 0.35 0.99 0.85
30-08 11:29:05 3051M    0     0  63.1M  292  580 0.2   0 100   0   0   0 0.35 0.99 0.85
30-08 11:29:06 2104M    0     0  1011M  188  216   0 2.5  97   0   0   0 0.35 0.99 0.85
30-08 11:29:07 2104M    0     0  1011M  376  792   0   0 100   0   0   0 0.35 0.99 0.85
30-08 11:29:08 2112M    0     0  1002M 84.0 84.0 0.6 0.2  99   0   0   0 0.32 0.97 0.84
